-3.4043601271349644e-13 0
8.8305991414724419e-13 5.124379301077697e-13
-6.4837359777692484e-14 9.2680924044683783e-14
3.3173054309144882e-13 7.7110288984645237e-13
-3.7325811180438037e-13 4.8814132605970615e-13
2.6952560721379517e-13 7.0084192576964549e-13
-1.1018111000211056e-12 1.2454948173810802e-12
7.3702790013969936e-13 6.4931955426202493e-13
-1.21670973150145e-12 5.0228810051048432e-12
-8.0202728485137852e-12 1.0296090893076967e-14
-1.2689826401535922e-12 -5.895184255982234e-12
1.0172702462147673e-12 -6.0115403579842953e-13
-1.0897448081835822e-12 -1.6894593077314007e-12
1.1916319287710257e-12 -8.7026548890754102e-13
-6.5949674176434517e-13 -2.0893779429384225e-13
4.9251832622167523e-13 -1.2084635573350066e-12
-4.6759735547071916e-13 1.0089857728038582e-12
-4.4146449684307155e-13 -1.0268991138758189e-12
-2.4669018737430014e-13 -9.8079412498850052e-13
3.3851748240346016e-14 -3.4732649718518924e-13
2.1376581008528656e-13 -2.0248517590468257e-13
-5.8412576152625841e-13 -1.8294992505487554e-13
1.799744652394686e-13 -5.4112329689478287e-13
-1.8015764589325719e-13 -2.0587690120839418e-13
1.4952487786473461e-14 -8.3671867234223066e-13
4.477678509124569e-13 -8.0324509638188366e-14
-2.8305384800688559e-13 3.5012458715759721e-14
-1.0235851344060597e-13 -2.0603825858311384e-13
-1.5863681933844093e-13 -5.2890005846474987e-13
2.663626017064603e-13 -2.7534551183026297e-13
1.0342883321324276e-13 -2.8068772265247444e-14
1.0976093419664258e-13 -4.5646487094991475e-13
-8.3938511389917957e-14 -1.7060495308102638e-14
-5.417674328880801e-13 -2.8988439615416822e-13
2.2819131056712106e-13 -1.7291482155872335e-13
7.5364338053027061e-14 -2.119381902916586e-13
1.8883967708489525e-13 1.3459371729836662e-13
-2.5152146099531617e-13 -1.867588270529188e-13
5.2458037822696201e-15 -5.0510623904346592e-13
-2.0255691150665194e-14 1.3946230789738488e-14
-8.1816506663048493e-14 -4.4244345789615733e-13
1.676792707912352e-13 1.937767302213748e-14
-2.8428670179817951e-14 -5.6051464431340901e-14
-1.6542875664708612e-13 -1.5633500206075536e-13
-1.7041583648576165e-13 -3.338393120343399e-13
3.065482766019328e-13 -3.2051821186417549e-13
-1.1725784911161125e-13 2.1398052825028935e-13
7.8987331571244304e-14 -1.7019924402265594e-13
4.330170538081463e-14 -9.5359077879742294e-14
-1.539811833916333e-13 -2.7786799443386244e-13
256 1.9428902930940239e-13
1.31850803888713e-13 -2.6132385618807086e-14
1.3384794523322673e-13 -7.858094512663471e-14
-6.1049473113638198e-13 -3.2038532221020569e-14
-5.7133077504047409e-14 -3.3621912223731566e-13
5.9874608407769452e-14 -1.1209219958252697e-14
-7.6857257736388499e-14 -3.8799794313751737e-14
4.8964092369834573e-14 3.8680126321650671e-14
-1.593030033292965e-13 7.2704939061533936e-14
2.9564894573881306e-15 -1.4541702513831761e-13
-2.8285618129931871e-13 -5.1164659972418404e-13
1.1365775515664299e-13 1.001404743306796e-14
9.4581666568516065e-14 3.6294489047836155e-13
-3.3383580590990651e-13 -3.224610268162572e-13
-9.5376081286473397e-15 -1.6107424303845914e-13
-1.1618649586791253e-13 -2.0882523070752825e-13
1.0124781940093132e-13 -8.7616438078890439e-14
1.9441552632256682e-14 -2.9655434730363573e-14
1.4892158167578068e-13 2.9629622105394176e-13
-3.0447156164040804e-13 8.3882650208731189e-14
-1.8397759313936893e-14 -6.2527347490171092e-13
4.0933348325725082e-13 8.9091935694790505e-14
-1.0077638676069698e-13 1.2364484347622769e-13
-8.5540178449071364e-14 1.2873369717987875e-13
-2.9173306971568001e-13 -6.2069657133511855e-14
-2.7876931795916206e-13 1.9742068523175577e-13
-1.7075528032390335e-13 1.8735604544277679e-13
7.1252069100372752e-13 -4.6238636853656967e-13
-8.7384305765588432e-13 1.1681664718701031e-12
-6.8614562369628556e-13 3.6705019884264326e-14
-7.4803795651273318e-13 -1.4148455764846075e-12
5.0940629654455804e-13 3.4193086395758466e-13
-1.4042661784325859e-13 -3.0961595849473891e-13
3.1246700222024366e-13 -2.2422806614262093e-13
-3.117189107781107e-13 5.6108279267938884e-13
1.0516470333224355e-13 -5.2724386619543039e-15
-1.4438160600631171e-13 7.9632362931438167e-13
-1.8986211030621383e-12 -3.2222477671210463e-13
-4.421147106899646e-13 -9.9733116790684872e-13
-2.7836047893081978e-13 -3.1629167253506015e-13
-4.6588526659520363e-13 -7.6109017803803693e-13
4.7030114930472577e-14 -2.6112213477287632e-13
-8.026428970346966e-14 -8.2886878077436285e-13
4.8483530148353762e-13 -7.4591561920681545e-13
-3.2293881154811586e-13 -4.9357495788409461e-13
8.3867022492281091e-13 -7.9047164829223464e-13
-6.1357645175299864e-13 -2.7774434176536396e-13
1.5636468353434928e-12 -3.9578775728949632e-13
-4.6131350458251989e-13 1.1754097462515797e-13
-2.901014495857913e-13 3.9414109645547754e-14
2.4769152619435596e-13 5.6288715902917117e-13
-3.93173831472755e-13 -2.1066303585563254e-14
3.4473601326844001e-13 -3.0143477676415677e-13
-4.1386628594581064e-13 -1.0560700763607569e-13
3.0293853256994976e-13 -2.4730797043122392e-12
2.6410306939170157e-12 1.2040562686867644e-14
2.9179475119764467e-13 1.7835617673439161e-12
-3.6370222234430577e-13 1.1085368666153472e-14
-5.4529305187390489e-14 7.0567756692921052e-14
1.6138443670327699e-13 1.338502689369531e-13
2.8602107139669749e-13 3.0493290747916212e-13
1.5600335819211442e-13 2.838564321743266e-15
-2.9384271093707519e-13 5.8482530222868847e-13
-5.7804333017994023e-13 4.0060776072482365e-14
-3.9980052003029486e-13 -4.8879454110156244e-13
4.5628746313013797e-13 4.2159203401242518e-13
3.7035331806583366e-14 3.8229362998524943e-14
-2.5612418119515411e-13 5.1962135635322541e-14
-9.7958836679684185e-14 -5.9899865424060202e-14
-4.6799763112999426e-14 -7.550194675209857e-14
-1.2459223683363766e-13 -2.4650246519441929e-13
3.9506864592708977e-13 -1.4063835173636606e-13
-9.1609973928260123e-14 4.0338923138090681e-13
-2.1369272484249351e-13 -8.7340374924494903e-15
-1.272292392781211e-13 -2.4368135562291531e-13
6.4192362830839583e-14 -9.4021698446659125e-14
9.6283185876627445e-14 1.7473775986737708e-13
2.3016899996878347e-14 1.0728795317422678e-13
3.5861998607412413e-14 2.2667021438900547e-13
-1.9421499079798626e-13 1.1140295151471502e-13
7.2194413131287331e-14 -2.8811388180773187e-13
2.8792259937032737e-14 -1.2899601492538605e-13
-1.0200527820931266e-13 3.031712867464482e-13
-1.7538541212064421e-13 1.5295970075599016e-13
-1.4329102076556516e-13 -2.6101949658623394e-13
-6.1169540304740212e-15 8.2008665810535739e-14
-1.0367616033894733e-13 -1.0606118034304985e-13
2.0628899572279855e-13 2.2851603575250695e-14
-8.8295732759845148e-14 1.1261966505666241e-13
-3.9100994085461435e-13 1.3133644663638555e-14
-1.0555732864714966e-13 1.9211689411156721e-14
2.5681269359923516e-13 -2.2056380027473629e-13
-1.7303178280354174e-13 1.8194146382064208e-13
-1.76495942627597e-13 1.3251424964691241e-13
1.2385524756286058e-13 3.5503355159187131e-13
-2.0410872241183289e-13 2.6054863841001389e-13
-3.6699707342162199e-13 2.4536266787222768e-14
-3.700245417744987e-13 1.3655563947332377e-13
-3.0443826755293483e-13 -3.1882052129715259e-14
-5.1274241104857568e-13 -1.109453606476671e-13
9.6072659131508839e-14 -4.8305857944515264e-13
3.1273073506773937e-13 -1.0141325178255584e-13
-9.5803682995284006e-14 -1.7385750341944328e-14
-5.7562220651798166e-14 -7.0547603140605491e-14
-3.6420010375894181e-13 9.8328734322376816e-14
-1.2704708072752872e-13 -5.8735362471549166e-14
-2.0158767684264485e-13 -2.6458310451554114e-13
2.3375871551692325e-13 3.7646450254736298e-14
1.3231503807928439e-13 3.4797601308619521e-13
-6.816643297985006e-13 -3.285365475231308e-13
-2.6491020760908031e-14 6.4116919157942476e-14
5.0352031154273275e-14 -7.3144742266727677e-14
2.9046090257434548e-13 -2.2172447576251229e-13
-2.2237198408763802e-13 -1.1992135289593954e-13
2.415286370948673e-14 2.6901034170600306e-13
-3.6862176342981998e-13 2.9896574031311641e-13
-2.1139187084073665e-14 -8.5165146668565522e-13
4.6768410659367863e-13 4.3961514824907677e-13
-1.2879137858185716e-13 4.4817763191604656e-13
3.2122751487497924e-13 3.9372880129998147e-13
-5.2901849499007505e-13 -1.5993875929725917e-13
4.2454928705925132e-14 4.0767883802907174e-13
-4.6044271368313147e-13 8.5254505448680769e-13
1.356938513229743e-12 -1.0541739081044735e-12
-2.5813111280087256e-12 3.8487978767227166e-12
-1.5732318671469614e-12 1.4447768294117059e-13
-2.3449977160381404e-12 -4.3944025662810961e-12
1.2754860510582043e-12 9.5883184095972746e-13
-5.8782856833574974e-13 -1.0071612351144566e-12
6.8455064016280154e-13 -5.9145139103846587e-13
-8.1951538688757826e-13 4.6564802083894932e-13
2.6860337651199671e-13 -5.1162315007849956e-13
-4.1117546584169192e-13 6.3715371347140457e-13
-9.9108656481161883e-13 -6.151025407586834e-13
-1.2740638447287721e-13 -1.7405952766276499e-13
-5.7357526875866173e-13 -4.8716776943770774e-13
-3.6742909135771416e-13 -7.3030780642153819e-13
-2.5686009454382089e-13 -6.570965012416192e-13
-1.8239043486222886e-13 -9.7306494780707909e-13
4.945245444066619e-14 -2.783739547912251e-13
2.0024982184086679e-13 -4.3540586040475226e-13
1.0765254221891068e-12 -1.0314842630467969e-12
-1.1812704642378686e-12 -1.5993402548799133e-12
2.7399861255073155e-12 -3.1711569404072314e-14
-9.6770996350696588e-13 1.214043109701763e-12
8.5313130217224683e-13 7.5518526058701622e-13
4.2472217867988539e-13 -2.6360752292705328e-14
-6.0186443017132594e-13 -6.6618641738900654e-13
-3.84006553107491e-13 2.6295338048368607e-13
-1.3117278618449417e-13 5.7494156302369223e-14
6.3496540048012371e-14 -1.1404858402844714e-12
7.9102960579481296e-13 3.4525690991995604e-16
3.5201318609657723e-13 1.0032763217158491e-12
-3.63642094928528e-13 -1.2520378235571399e-13
3.8544135963642416e-14 -3.0975965317745341e-13
-1.1758888050389219e-13 2.1036651471030886e-13
1.6598022662029866e-13 7.9412886283831924e-14
-2.1320976395299704e-13 -3.1270185698170629e-14
-2.0246879314255237e-13 5.146349573972117e-13
-2.300942020951112e-13 2.4603512863613708e-13
-3.3530361943497882e-13 -8.358444674447975e-13
2.2174062133119133e-13 -1.4283565154612894e-13
-3.7537209877708914e-13 1.3831193908329178e-13
-1.3404114422329418e-13 5.2595022063324854e-14
-1.1843520498681474e-13 -1.1446347454056366e-13
-2.3949880101877436e-13 -2.8564163428820199e-13
-8.8572859002210569e-14 5.607423551127616e-15
3.0136899395718454e-13 -3.6299091106812236e-13
-1.2826999457773427e-13 1.2334504450112328e-13
-5.3621199529925469e-13 -3.9215875846832804e-14
5.8626718218329306e-14 -2.5476371314850903e-13
-3.5238457886211999e-14 -5.8369955547351426e-14
-4.8095793965507573e-14 -5.3943439471562597e-14
-5.6843418860808015e-14 6.7224004141053229e-14
1.0782075310049575e-13 -1.9118479294100872e-13
-2.9713292100374631e-13 6.0704273555006829e-15
-2.3246521391383179e-13 -2.4687439742868802e-13
2.0870688309984529e-13 2.2713945260365121e-14
-1.9108153880776559e-13 1.1848968575982674e-13
-2.9032444613069821e-13 -2.5848656238173794e-13
-3.3606285999577574e-13 -7.2035915027611948e-14
1.0463109541768563e-13 -1.3372449462651184e-13
-1.9283053684318901e-13 -1.5317109426754149e-13
-2.642070653049157e-13 -1.6061546931814662e-13
6.2281099390052033e-14 2.0165638717663423e-13
-4.1467134924646432e-13 -2.7107313302728571e-13
-1.1556797597859541e-13 -3.6795041095182581e-13
-1.4013010688744135e-13 7.5415453131402467e-15
-6.1526731015788432e-14 7.0720489370167926e-14
-1.7293025098931649e-13 -1.4569984960938772e-13
-2.1122260660399521e-13 -4.9728013324986519e-13
-1.7747469684231297e-13 1.0021819307184457e-13
-3.0078103247227512e-13 -2.4026432488783352e-13
1.5552713524677375e-13 -1.3297279162621139e-13
-3.4311802947040844e-13 -1.1922876124078885e-13
-1.2953729064523515e-13 -4.6239983114222139e-13
1.3461395038815221e-13 -5.328861746521463e-13
4.0946093008058874e-13 -3.4603988953358208e-13
1.9370797228890278e-13 5.5243748241312204e-13
-6.084518407529701e-14 -2.9699505351131982e-14
-1.3405443929497068e-13 2.6907363296209601e-13
-6.7030140622842604e-13 -4.5752773698021521e-14
-8.0414573569631548e-14 -4.7272150177560426e-13
-2.6498909463107998e-13 9.0556834337217359e-14
3.8265580506100149e-14 1.7197195912098125e-13
-6.7432635343090711e-13 1.9491907234076255e-13
-3.171074514085599e-14 -6.8905992023360341e-13
-1.0612196507187404e-13 -2.4686686176807339e-13
-6.7404166591923616e-13 -3.1411371650784676e-13
3.7975944105574236e-13 7.7350678179205201e-15
-3.0182000159250698e-13 -8.8750442392854229e-14
-4.9106284675324103e-13 -5.2900342246306859e-13
-6.0601129052886691e-13 -2.8537399106348626e-13
8.8945536952089949e-13 -5.9448296741410019e-13
-6.0176107649718718e-14 6.7916458903612875e-13
-1.317391276298051e-12 -5.7052948056544372e-13
6.8024306451392174e-13 3.6583198584221404e-13
-1.1596806693148033e-12 -6.4957527450844211e-13
3.4764601967486034e-13 -1.3907373956513046e-12
-1.548031883505902e-12 9.4385142420692188e-13
2.3384729243452658e-12 -4.0094613023818764e-12
7.5212388676658509e-13 2.0630334519515996e-13
2.3323975342808459e-12 3.6563327982796126e-12
-1.5103177162664808e-12 -7.994560371057158e-13
2.8570368061737752e-13 1.213068909942631e-12
-8.5152461192553662e-13 5.682512694710371e-13
-1.1281981025520059e-13 3.0357707482007633e-13
-1.2771046912810367e-12 7.0887117670986014e-13
-5.9945051998946061e-13 3.8033701979794026e-13
-1.1877343978836329e-12 5.7236875963496251e-13
-1.1765913805114341e-12 -8.5856165103188512e-14
-1.3227616572496468e-12 2.8244226243122531e-13
-1.4516039897766164e-12 -5.742043494385965e-13
-1.0507965001253394e-12 -1.971026218593405e-14
-1.7937569425791217e-12 -3.3336759092925771e-13
-1.4441003732942277e-12 -4.7795600424637765e-13
-2.4651432287123215e-12 3.2653837407660462e-13
-3.1972699643408385e-12 3.172119683951951e-15
-7.4457860853557541e-12 2.7024462192258849e-13
511.99999999999972 -2.3546220528913864e-11
7.6693105265923159e-12 1.2319044457124861e-13
3.7820967058955544e-12 3.0643847693793212e-14
2.814379860383567e-12 3.6912245087239216e-13
1.5959527749144323e-12 -3.6516914459192738e-14
1.47240586404364e-12 -2.4174207504279986e-13
1.0597542888310429e-12 1.5948632208505534e-13
1.0343105287864542e-12 -8.4219179244137169e-13
1.663471547435225e-12 2.2117017468647997e-13
8.4387830747255888e-13 6.1222418508435997e-13
5.6605550256661254e-13 1.3989704573105569e-14
6.2827313595702614e-13 -1.0274953699020045e-13
8.4006340213208398e-13 9.6676821056045143e-14
7.3260812052890438e-13 3.8762005078097694e-13
7.3200869136623923e-13 -1.2073968015658258e-13
4.3891891049838669e-13 4.4658939659602286e-13
4.8753786003140557e-14 -4.6760640027799716e-15
2.5819953350131035e-13 -2.4233103262162396e-13
7.6317470795627757e-13 1.8766064232292225e-13
4.7552343067281245e-13 -5.5801647666228968e-14
6.42643112929831e-14 2.2740991981684818e-14
3.3632418199951845e-13 -2.0174726619039583e-13
2.4404761538889592e-13 3.1570958461024906e-15
1.8856494586214928e-13 -6.5786294579344436e-14
6.1640393962951371e-13 5.0229942752547532e-15
2.1482069498573999e-13 2.9885982509683754e-13
2.286954435331234e-13 -2.7843043552555058e-14
3.2116700139616386e-13 -2.4167021438050469e-13
4.7792366260182908e-13 -9.2026458777768619e-14
2.5181575248963644e-13 1.383278611192374e-13
9.6845520176989726e-14 -7.1256080142567679e-14
3.1416180650063545e-13 7.2828484040518975e-14
3.5546323265863489e-14 6.4812350670935512e-14
3.6902974330675544e-13 -1.9921138621513793e-13
2.7891284366003118e-13 9.842163719022034e-15
1.9030133406699787e-13 2.4737145468995652e-13
8.9161522195904139e-15 -5.6882445550295094e-14
1.1334952333272894e-13 -3.1908924240310644e-13
4.1971651103934713e-13 3.3810299730242494e-15
1.2540334448599992e-13 -1.0903266191737108e-13
2.5394002799429208e-13 3.185507784016867e-14
1.4924001626242111e-13 1.3281536224858766e-13
-2.7319497590355544e-14 -9.0149351540362017e-14
2.493349267109429e-13 -1.3067833013274294e-13
5.1466143121602508e-13 -1.5361753568665841e-13
8.5014159084096306e-14 1.6095054666358962e-13
-9.1141891134243903e-14 -9.006551985823262e-14
2.2492075367137556e-13 -1.4813780595316652e-13
2.6420001021603703e-13 -4.1603410094279378e-14
2.6726015160660356e-13 -2.9397724858089729e-13
1.9392915563291042e-13 -1.0434377373231754e-13
-9.8413959955732282e-14 1.7553903078304309e-13
-7.8606554688077078e-14 -4.8123512076256848e-15
1.9821575003259879e-13 -6.2008825063833669e-13
7.875768181496926e-13 5.3171480849098729e-14
-1.3765886215381142e-13 3.6611677725208526e-13
6.5963097053392984e-13 -2.3529521269320173e-13
1.3127395131207189e-13 3.5577733052466549e-13
2.1526486131872349e-15 2.9765195480196583e-13
1.8969403762614311e-13 -2.1227415728627953e-13
4.5978425474958385e-13 -1.5216762300983411e-13
3.3962852882249809e-13 -2.1386511669723459e-14
-8.6111665453400681e-13 -6.3054631805040076e-14
3.0652009426799641e-13 -1.2720531608383782e-13
3.3897749995665522e-13 -1.9652995542437022e-13
1.1306173380772879e-13 -2.9942436533554419e-13
3.0960480307197715e-13 -4.0211995214645607e-14
2.8586653327353464e-13 -1.1706814161201379e-14
-1.4289860495590994e-13 -2.3410125427266923e-13
1.3459210265730889e-13 -1.0435776948185901e-12
2.025653481074984e-12 -1.2865253186992924e-13
2.2358139157086183e-13 1.1230102841997085e-12
-6.0182057470380985e-13 -1.3252196710834209e-13
5.9129338274163882e-13 4.2523120200551871e-13
-3.7803270599772234e-13 -1.5229621795049622e-13
2.8250167372346868e-13 -5.0280643474466332e-13
-2.499967273027054e-13 5.9033166092242553e-13
1.1802427381916639e-12 -1.077033999915239e-12
5.2055288351117988e-13 1.0277947593091444e-13
1.1179801667472826e-12 8.1358365966636371e-13
-3.7016228678009974e-13 -2.3477742985357556e-14
4.7274903037836552e-13 8.3681324452676319e-13
2.0753902362544179e-13 3.8061856928015586e-13
3.1363267930769978e-13 4.8501254223524017e-13
-1.4417352817391132e-13 5.560549791682573e-13
1.5039673062272098e-13 2.4403280773988368e-13
-4.2732060088744604e-13 1.4179489788959083e-13
-2.8803296798910711e-13 6.4967022747865289e-13
-7.0837587231049413e-13 2.2566184604723629e-13
-3.8924976159139394e-13 -7.8733670691869401e-13
6.8332861055076899e-14 2.2369766337390055e-13
9.0970042231431262e-14 -1.8879811016747046e-13
9.2076763373470391e-13 -5.6507469665442583e-13
-4.9432029510587577e-13 -2.3103073259591211e-13
7.7821626426417324e-15 7.5422165166430298e-13
9.7666139985073025e-13 1.9205097274839912e-12
-2.4935873973359378e-12 8.2264012199134675e-14
1.1888215670817113e-12 -1.5903843376342569e-12
-6.4040589214710729e-13 -1.1755713915164571e-12
-4.0736647943339949e-13 5.690237188928945e-13
1.1536595285640238e-13 2.860537617382771e-13
3.6749283927519695e-13 -5.2582638897166177e-13
-2.3450712542991141e-13 -8.3049445295356947e-14
7.1592962235816081e-14 -5.975129181811737e-13
8.2292585119448034e-13 -5.435285917797641e-14
-3.7940328838001832e-14 7.6937320983641746e-14
-3.592816530662984e-13 4.9963491173220922e-14
1.605852067651152e-13 2.2178136250619344e-14
5.3821242722670344e-13 -2.4570707257690394e-13
-3.2748779101187187e-14 -2.8956238858926489e-14
1.2091888776675052e-14 -7.361548605370864e-14
1.9099097238737355e-13 4.4105665182483942e-13
-1.1208596412855953e-13 -2.6117369395200322e-13
-1.4408011250690057e-13 -4.5199139262368583e-13
2.6110132818916408e-13 1.072518019457099e-13
2.1711678374310606e-13 -1.6348133915009656e-14
-1.7938837899788479e-13 1.5410670447341045e-14
2.1273880748932898e-13 -1.9983979027319648e-13
2.0362676633656502e-13 -5.4322430532311525e-14
1.0598139167706743e-15 -2.7321213001568883e-13
2.3834321440973931e-13 -8.2947487023313485e-14
-1.0653974431873514e-13 2.563344318606664e-13
3.7740746967549187e-14 -8.1345064436316348e-14
9.2961192304763223e-15 -3.1899956040609407e-13
2.8240959011319166e-13 -4.4384588279422336e-14
1.7470157125127593e-13 1.9453620957109669e-13
-2.1121424875733813e-14 -2.7157225064057677e-13
5.1957599071154822e-14 -4.5014986542562401e-14
-2.0825814236490283e-13 2.0122796547757291e-14
2.4663431781808481e-13 -1.8825234585754717e-13
9.071319046578997e-14 -6.0526944173768806e-14
1.33775502107445e-13 2.9824040545314889e-13
-4.6878909372818774e-14 2.9728876072852217e-14
-1.8876197348672709e-13 -4.8129205188633867e-13
3.1749351055461448e-13 3.8991673531366446e-15
-4.7732230775501115e-14 -1.5710628131366675e-13
2.4537133198005975e-13 -4.8295429615529423e-15
8.717096798108632e-15 4.9709145924874276e-14
-1.0913589391089913e-13 -7.3507959681510506e-14
4.2442931689590525e-14 -2.0003962003216593e-13
4.2242355611771175e-13 -3.4048124483744856e-13
-1.2065053878813067e-14 3.2154963187314303e-13
-3.7812141830744426e-14 -1.0394403506368412e-13
1.5276724437089289e-13 -2.8670356136354342e-13
-1.2745561718134702e-13 -2.6939545818603303e-13
1.5843583929328869e-13 -9.3755473312137263e-14
3.8487252706594755e-13 5.8055852626534002e-14
2.5287455496790521e-13 -1.0240246191719901e-13
-4.2482139760564777e-13 -4.0438054628968581e-14
5.8828428626310997e-14 -5.3136598028370763e-13
5.0633141135943076e-13 2.654866538330666e-14
8.4189889692576816e-14 4.6574203170296488e-14
7.1466104770962413e-14 1.2120717624739486e-13
1.1078205309246617e-14 3.0439668905580678e-13
-1.5706775893498371e-13 -4.4038031244369029e-13
-4.4238501591523268e-14 -6.2593627615044963e-13
-3.1695940257026075e-13 1.7171344395039342e-14
2.8935360535374469e-13 2.9230162303231383e-13
-8.5597829931430593e-13 -1.0212733788511377e-12
4.7563370937127454e-13 -7.0579883968953922e-13
-2.5988692113075581e-13 -8.9851463728073032e-13
2.7371840831975539e-13 -2.8086262931993548e-13
-2.4839952310710355e-13 -5.4553282689372198e-13
9.5388558309707064e-13 -1.18902048965432e-12
-9.737627937979295e-13 -5.5874212001169773e-13
9.8616513711109793e-13 -5.6284933141788647e-12
8.3733617718390056e-12 -8.5486264007880166e-14
1.0414500198834947e-12 5.8878361015916262e-12
-1.4270770075414786e-12 2.9618954672089411e-13
1.2166435048491855e-12 1.40289886471784e-12
-1.0658698252435341e-12 4.6776268935376765e-13
9.1639091635671387e-13 4.8920354503574011e-14
-3.8467810705087396e-13 9.3753356547810323e-13
7.9580786405131221e-13 -7.9813933240302504e-13
-6.1012660607479314e-14 1.0862290135297887e-12
8.7844494167039854e-13 4.3037753818561315e-13
3.0349891308972737e-13 5.7770575130613489e-13
2.470729839400816e-13 7.1563168364345691e-13
2.7789127396709483e-13 4.5737524181806808e-13
-2.0376349054277003e-13 8.3975760758439862e-13
2.3679988591543325e-14 6.4638480213490354e-13
-1.4913148360192216e-13 9.6429993016920816e-13
-2.9998107988752243e-14 3.124574172613975e-13
-2.9139888525375511e-13 1.9505209586372388e-12
-2.5184971020761633e-12 3.4203319709036144e-14
-4.4279208348675379e-13 -1.8078237697759804e-12
5.3823474577583492e-14 3.8551636687509614e-14
-4.7718687303647954e-13 -5.8523512748288e-13
3.1608258234248337e-13 1.6122384693483763e-13
-1.4633709300310513e-13 4.1605784826794137e-13
8.6393403609095734e-13 1.8576036740836959e-13
3.3427727456799044e-13 3.8081055760470883e-13
-1.8222913776951292e-12 -3.0291416665083366e-14
3.2899776217217413e-13 -1.6643911071386254e-13
2.6035439061496999e-13 -5.1043411389222669e-13
3.7140677450150795e-14 -8.2570887794043904e-14
-4.1221946169472344e-13 -4.7444072541660909e-13
-1.4795699027390945e-13 -2.0214356690353963e-13
-2.072587316941103e-13 1.5595584215393451e-13
1.1394908121275088e-13 -3.3782049531540235e-13
4.5060672884745978e-13 2.1764774590176657e-13
3.0253168084572207e-13 2.9706326151849801e-13
-1.1358759225925509e-13 -1.2520842372073628e-13
4.3620731436524748e-14 -3.4069512949278618e-13
2.2581387454391737e-13 3.7613026942325352e-14
-5.5593689555536175e-15 1.8827255363234315e-13
2.0063348885111397e-13 -3.8899202809870046e-14
1.5144877072761196e-14 1.8265582129966313e-13
-1.186946382014611e-13 -5.9272393318764632e-15
-7.2505482307325572e-14 -1.6040388637592019e-13
4.3331481128858031e-13 2.1382910945837005e-14
1.0606579070671454e-13 1.7113966318980686e-14
-4.0109421675000963e-13 -7.6758576360929054e-14
3.0300649989131828e-13 -8.537152329311416e-14
6.2682466622667869e-14 2.8867860053914227e-14
1.2862896033569721e-13 1.5393533260938892e-14
3.3711688171533115e-13 -9.9098858391014539e-14
7.6307458082143211e-14 1.3483322411097995e-13
-1.2481846891945522e-13 -4.3963594968746984e-14
-6.4923548577909914e-14 -3.9585799188215721e-13
1.5501964282016481e-13 9.3252950708441085e-14
1.4177117566811531e-13 2.4300979844237486e-13
2.6711808499755194e-14 3.5867414288543207e-14
9.2106877680464549e-14 0
1.5419065043435701e-14 -3.4693089581975526e-14
1.4348060359541574e-13 -2.4095391058551595e-13
1.5509250246883209e-13 -9.3228517212554475e-14
-6.4923548577910192e-14 3.9585799188215751e-13
-1.2477491141418493e-13 4.5093044347505164e-14
7.6156212303023765e-14 -1.3562195293340055e-13
3.3660221789862685e-13 1.001091053977324e-13
1.2862896033569701e-13 -1.5393533260939296e-14
6.1531429532412227e-14 -2.8327308358063747e-14
3.0307266641369588e-13 8.3099630372855243e-14
-4.0063028850222569e-13 7.7525662572636539e-14
1.0606579070671434e-13 -1.7113966318980484e-14
4.322300200709955e-13 -2.2148064346566368e-14
-7.7313772715359873e-14 1.6293003683420386e-13
-1.1785016025137904e-13 8.0506282518683318e-15
1.514487707276165e-14 -1.8265582129966374e-13
2.0193096179584784e-13 3.2878158855742828e-14
-1.2585134907163364e-15 -1.8661369049745193e-13
2.2401831815400347e-13 -3.5351043083379812e-14
4.3620731436524697e-14 3.4069512949278612e-13
-1.1617540338067205e-13 1.2517523750619472e-13
3.0187354610213016e-13 -2.9697625273107999e-13
4.4510252769283225e-13 -2.2227102772630388e-13
1.1394908121275093e-13 3.3782049531540195e-13
-2.1015337211049489e-13 -1.5785058634356643e-13
-1.479431695749241e-13 2.0207554788193075e-13
-4.1298373294968729e-13 4.7218714321643296e-13
3.714067745015082e-14 8.2570887794044131e-14
2.6350244005865278e-13 5.0899380393084003e-13
3.2924738323509346e-13 1.6510765505002331e-13
-1.8009132819673277e-12 1.261822786575649e-14
3.342772745679908e-13 -3.8081055760470878e-13
8.8282794605292819e-13 -2.0516405052618908e-13
-1.4421799346343242e-13 -4.1667705143380239e-13
3.1732555769504362e-13 -1.6113213254053975e-13
-4.7718687303647934e-13 5.8523512748288e-13
5.2725207472084157e-14 -3.8331943416607323e-14
-4.4296286480877569e-13 1.8061203633868226e-12
-2.5178919439227895e-12 -3.6835558168737678e-14
-2.9139888525375426e-13 -1.9505209586372388e-12
-2.9482087746878663e-14 -3.1250483212837745e-13
-1.4856174992134123e-13 -9.6554945238678921e-13
2.7836797806918853e-14 -6.4465199579541826e-13
-2.0376349054276965e-13 -8.3975760758439872e-13
2.7892380810839081e-13 -4.5789345775646155e-13
2.4449463478504243e-13 -7.1795407062260787e-13
2.9746815917640849e-13 -5.7833812038692032e-13
8.7844494167039884e-13 -4.3037753818561325e-13
-6.6835935125257646e-14 -1.0855193023860449e-12
8.1001871876651421e-13 7.9114492734788655e-13
-3.8502052088451565e-13 -9.3968802878034775e-13
9.1639091635671428e-13 -4.8920354503573834e-14
-1.0674210971636087e-12 -4.6832986023843742e-13
1.2169345031321811e-12 -1.4045078836896757e-12
-1.426924021820464e-12 -2.9880286177870354e-13
1.0414500198834971e-12 -5.8878361015916262e-12
8.3734889013878397e-12 8.181202673119224e-14
9.8544787263251659e-13 5.6270431663307974e-12
-9.7272336242566668e-13 5.5962741862533749e-13
9.5388558309706943e-13 1.1890204896543208e-12
-2.4797240735992995e-13 5.4655895822175871e-13
2.7671475420473016e-13 2.8223876952608157e-13
-2.4005254950698867e-13 9.0564441222692224e-13
4.7563370937127424e-13 7.0579883968953963e-13
-8.6253045134170272e-13 1.0152214588777291e-12
2.8969185103800101e-13 -2.9433586190516755e-13
-3.1835740832435813e-13 -1.7227693271282953e-14
-4.4238501591523558e-14 6.2593627615044933e-13
-1.6009619485022036e-13 4.4089332930954874e-13
1.0833487951334274e-14 -3.0491779905407416e-13
6.841633847377011e-14 -1.2185274610598727e-13
8.4189889692576929e-14 -4.6574203170296596e-14
5.0669771617028605e-13 -3.2727847682748984e-14
6.1092552983913734e-14 5.3099764960882315e-13
-4.2524090268250758e-13 3.8139136014715367e-14
2.52874554967905e-13 1.0240246191719904e-13
3.8606907698219744e-13 -5.838105570546063e-14
1.6742446826622724e-13 9.3811880428932523e-14
-1.2035499707004296e-13 2.6545989901241178e-13
1.527672443708931e-13 2.8670356136354463e-13
-3.8001649210827673e-14 1.0130190438639595e-13
-1.3856498686319454e-14 -3.2432290342377571e-13
4.2427346470356694e-13 3.3897069822652822e-13
4.2442931689590551e-14 2.00039620032166e-13
-1.0896899217582411e-13 7.2766012803739062e-14
5.8275107584318697e-15 -4.9774800272675861e-14
2.4821949558002516e-13 5.2728953598589093e-15
-4.7732230775501014e-14 1.5710628131366695e-13
3.1975424973362543e-13 -2.22428796672615e-15
-1.8873966707809398e-13 4.8200010310124655e-13
-4.6599573101646816e-14 -2.7846474570352007e-14
1.3377550210744523e-13 -2.9824040545314899e-13
8.6665640477815298e-14 6.0585655535444657e-14
2.4720362430477784e-13 1.8497589813061523e-13
-2.0923425630395752e-13 -1.9953192196927007e-14
5.1957599071154771e-14 4.5014986542562754e-14
-2.0848818931525837e-14 2.6043795350572813e-13
1.7314454140409395e-13 -1.9586919653980913e-13
2.8343772584336854e-13 4.2116586017586635e-14
9.2961192304762213e-15 3.1899956040609417e-13
3.7204418191570751e-14 8.0300340304891406e-14
-1.0705823646127236e-13 -2.5637179014543328e-13
2.3704746182927429e-13 8.3744039777887146e-14
1.0598139167702956e-15 2.7321213001568842e-13
2.0188493864151648e-13 4.8522479840698615e-14
2.1306027296417448e-13 1.9882932145962789e-13
-1.7812910737383256e-13 -1.6033104043748173e-14
2.1711678374310591e-13 1.634813391500982e-14
2.6042116049424325e-13 -1.0750657308592239e-13
-1.4320406541115916e-13 4.4840164539660861e-13
-9.9510446577893175e-14 2.5662138376971999e-13
1.909909723873736e-13 -4.4105665182483947e-13
1.1181697167008165e-14 6.4386714555683898e-14
-4.1180681864956452e-14 2.509648446915102e-14
5.3852821952297798e-13 2.4703129843548072e-13
1.6058520676511543e-13 -2.2178136250619312e-14
-3.5867348223206126e-13 -5.0432194357552324e-14
-3.6579622727105439e-14 -7.7768412918366094e-14
8.2327225631508107e-13 5.4280561463656541e-14
7.1592962235815236e-14 5.97512918181174e-13
-2.2629405488011937e-13 8.0484491826852769e-14
3.6833843297191248e-13 5.2465662122081522e-13
1.1522653115733146e-13 -2.8471336444548884e-13
-4.0736647943339939e-13 -5.690237188928947e-13
-6.3929297585253715e-13 1.1756933185649562e-12
1.191549104345331e-12 1.5928021289158923e-12
-2.4884899882754669e-12 -8.4318182086213232e-14
9.7666139985073065e-13 -1.9205097274839912e-12
1.4351308874260565e-15 -7.4870934334997383e-13
-4.9397281605273586e-13 2.3036385588356408e-13
9.2174821733631155e-13 5.6560616169884827e-13
9.0970042231431413e-14 1.8879811016747054e-13
6.5969955385549833e-14 -2.2445833642066174e-13
-3.8920140284280186e-13 7.8907141429060823e-13
-7.1003154554464481e-13 -2.2831360989796437e-13
-2.8803296798910656e-13 -6.4967022747865289e-13
-4.2573117129266113e-13 -1.4675846375446837e-13
1.5058006583569416e-13 -2.4319921885095568e-13
-1.4149462897551227e-13 -5.5605770539547097e-13
3.1363267930769993e-13 -4.8501254223523997e-13
2.0888213560167973e-13 -3.8169550918716948e-13
4.7259164171638479e-13 -8.3878743056857992e-13
-3.5795920528373043e-13 1.718349682271124e-14
1.117980166747283e-12 -8.1358365966636311e-13
5.2672435919128633e-13 -1.0393314076478341e-13
1.1823006595048352e-12 1.070927402863265e-12
-2.4619207389320747e-13 -5.9007014731137353e-13
2.8250167372346858e-13 5.0280643474466342e-13
-3.7834845410441104e-13 1.5404590702061552e-13
5.9173691405910509e-13 -4.2728582708569623e-13
-6.0513026993338559e-13 1.3463685408973604e-13
2.2358139157086203e-13 -1.1230102841997083e-12
2.030342526410048e-12 1.3426763401919419e-13
1.3546801290387469e-13 1.0439728693206766e-12
-1.4286816101332975e-13 2.3256257342528908e-13
2.8586653327353474e-13 1.1706814161201429e-14
3.069351352068724e-13 4.2163813088773347e-14
1.1361255491500249e-13 3.0152673458385792e-13
3.5565924936886553e-13 1.7934546673602367e-13
3.0652009426799621e-13 1.2720531608383825e-13
-8.8433892942620815e-13 5.545837963740738e-14
3.4376371156565443e-13 1.8807003932669807e-14
4.6183580782532244e-13 1.5261223764157895e-13
1.89694037626143e-13 2.1227415728627943e-13
9.1640254873458822e-16 -2.9679855364383731e-13
1.3326187809818022e-13 -3.5620371473663045e-13
6.5605279877735154e-13 2.348611850712559e-13
-1.3765886215381135e-13 -3.6611677725208516e-13
7.8602942494758167e-13 -5.613067831078449e-14
1.9890268439270749e-13 6.1913902167094879e-13
-7.461304825386448e-14 1.8555487763098611e-15
-9.8413959955732307e-14 -1.7553903078304324e-13
1.956898823995086e-13 1.052774259361912e-13
2.6944501627274914e-13 2.9245320339981073e-13
2.8949693088629577e-13 3.5761532602861949e-14
2.2492075367137516e-13 1.4813780595316611e-13
-9.5734418322413219e-14 8.6462188901088425e-14
7.7501153353140171e-14 -1.6988970753012049e-13
5.169263897347262e-13 1.5243514899790639e-13
2.4933492671094305e-13 1.3067833013274289e-13
-2.7317720490479213e-14 8.8566767981593688e-14
1.5106720093186678e-13 -1.3338996796766034e-13
2.592158457758565e-13 -3.1446107611083295e-14
1.2540334448599966e-13 1.0903266191737141e-13
4.1836313059294019e-13 -7.7239230602828048e-15
1.1652131599325796e-13 3.1981136673051114e-13
1.1083802533074409e-14 5.5776589283498073e-14
1.9030133406699793e-13 -2.4737145468995647e-13
2.8056290064562308e-13 -1.0504400442939058e-14
3.7102906192207151e-13 2.005719712429082e-13
6.9032412507318548e-14 -7.330989141016995e-14
3.1416180650063525e-13 -7.2828484040518874e-14
9.0871870231762664e-14 7.7874164884857687e-14
2.5141634606261954e-13 -1.3798532232392332e-13
4.8205376464616675e-13 9.2218500287236627e-14
3.2116700139616366e-13 2.4167021438050535e-13
2.2878183936477702e-13 2.6706932101874801e-14
2.1517134063786348e-13 -2.9804409342459596e-13
6.2243676046407957e-13 -8.8393299518772547e-15
1.8856494586214921e-13 6.5786294579344738e-14
2.4623659141681381e-13 -5.7872069454306772e-15
3.3757485664272658e-13 2.0240888540643117e-13
6.7862275206686834e-14 -2.3548814599400538e-14
4.7552343067281245e-13 5.5801647666228867e-14
7.6444036128924278e-13 -1.8742605559476765e-13
2.6034541483576143e-13 2.2856298074718651e-13
1.0793906671590723e-13 -6.923813209743207e-15
4.3891891049838654e-13 -4.4658939659602306e-13
7.3612951691693923e-13 1.1340739762916375e-13
7.3531917155815576e-13 -3.8699619862986033e-13
8.4804619176060814e-13 -9.6917071432843961e-14
6.2827313595702604e-13 1.0274953699020098e-13
5.6962106525863084e-13 -1.4716381495029126e-14
8.4460759114274932e-13 -6.1282954219981765e-13
1.6756266072540067e-12 -2.2835619480795549e-13
1.034310528786454e-12 8.421917924413725e-13
1.061628596110106e-12 -1.5631620871790226e-13
1.4722007648756205e-12 2.4271472971230293e-13
1.6202884000760498e-12 3.6693774399711928e-14
2.8143798603835666e-12 -3.6912245087239115e-13
3.7926738098960282e-12 -3.3695792833792199e-14
7.6713279280888598e-12 -1.2457330615101341e-13
511.99999999999972 2.3884616506819611e-11
-7.4457860853557541e-12 -2.7024462192259046e-13
-3.203853508643608e-12 -1.5750468829942206e-14
-2.4669503861770199e-12 -3.2617369884478798e-13
-1.4700296038196324e-12 4.7588421818104423e-13
-1.7937569425791219e-12 3.3336759092925711e-13
-1.0530569420497739e-12 1.8380083011689187e-14
-1.4498268525843318e-12 5.7441714983766879e-13
-1.3416863539653229e-12 -2.7366712008038596e-13
-1.1765913805114341e-12 8.5856165103188184e-14
-1.1932475287229232e-12 -5.690491267823972e-13
-5.9811955392736572e-13 -3.8181173789714606e-13
-1.2854732129330656e-12 -7.0983039215363335e-13
-1.1281981025520067e-13 -3.0357707482007628e-13
-8.5012472270629735e-13 -5.6957780877336336e-13
2.8247649751144361e-13 -1.2130544551365776e-12
-1.5623853070131267e-12 8.0903352496296878e-13
2.3323975342808471e-12 -3.6563327982796118e-12
7.5241802772254494e-13 -2.0385608352627911e-13
2.3460942251693501e-12 4.0100169022123343e-12
-1.5542919622773434e-12 -9.4245829362800886e-13
3.4764601967486013e-13 1.390737395651305e-12
-1.1619502515156349e-12 6.4984934989660579e-13
6.8163950103839129e-13 -3.6576476790830175e-13
-1.3271094489477351e-12 5.7256406318637034e-13
-6.0176107649718592e-14 -6.7916458903612915e-13
8.866802821497874e-13 5.9250737631210087e-13
-6.0526044566234125e-13 2.8483415173798178e-13
-4.9605697635335531e-13 5.2638334198079712e-13
-3.0182000159250718e-13 8.8750442392854179e-14
3.7792095401833044e-13 -8.6127380057221319e-15
-6.7150192929131751e-13 3.1111874708623284e-13
-1.4613026150542644e-13 2.3141233439668214e-13
-3.1710745140856078e-14 6.8905992023360341e-13
-6.679531448958797e-13 -1.9902722605196419e-13
4.1326233004015216e-14 -1.6962785030724249e-13
-2.6702751651555152e-13 -9.2594085924712967e-14
-8.0414573569631864e-14 4.7272150177560416e-13
-6.6942793971619541e-13 4.4069631065984093e-14
-1.3292962641446244e-13 -2.6659461731272408e-13
-6.4657747009816769e-14 2.4998063009706519e-14
1.9370797228890361e-13 -5.5243748241312164e-13
4.0963934353612947e-13 3.5602151698973598e-13
1.3266581106411011e-13 5.3418902451563962e-13
-1.3182803759962895e-13 4.6370324109137486e-13
-3.4311802947040864e-13 1.1922876124078885e-13
1.5333834473598201e-13 1.3426028260840034e-13
-2.9077545154407872e-13 2.3689810125267663e-13
-1.913419963287071e-13 -1.0036802055176388e-13
-2.1122260660399541e-13 4.9728013324986539e-13
-1.7815833287011993e-13 1.4772468261718271e-13
-6.0915109295704824e-14 -6.725520271946846e-14
-1.4377762874840723e-13 -8.6692609311543068e-15
-1.1556797597859589e-13 3.6795041095182546e-13
-4.1336352609850543e-13 2.6796238172492038e-13
6.3771873461701506e-14 -2.0180475523857432e-13
-2.7066658791144263e-13 1.631905089405324e-13
-1.9283053684318921e-13 1.5317109426754162e-13
1.032608854690738e-13 1.3583707525433601e-13
-3.3571504427078681e-13 7.2486892027500531e-14
-2.9212970919447861e-13 2.5724135371650936e-13
-1.9108153880776579e-13 -1.1848968575982674e-13
2.0817944273786092e-13 -2.4877625124648564e-14
-2.3110469191265877e-13 2.4637968579340758e-13
-3.1222577304822691e-13 -9.1371774908657539e-15
1.0782075310049575e-13 1.9118479294100958e-13
-5.6843418860808015e-14 -1.1252110354575962e-13
-5.1577333835672833e-14 5.459935045921246e-14
-3.911159568983601e-14 5.8509290674033349e-14
5.8626718218329104e-14 2.5476371314850924e-13
-5.3679208396486409e-13 3.886982298365731e-14
-1.2693807380911282e-13 -1.2170577196876805e-13
3.0045142491321259e-13 3.5973751022251673e-13
-8.8572859002210569e-14 -5.6074235511273131e-15
-2.3766363464385349e-13 2.8712368873082774e-13
-1.1965641139544031e-13 1.1404676709516663e-13
-1.3500063069177632e-13 -5.1873140701340625e-14
-3.7537209877708924e-13 -1.38311939083292e-13
2.1961201536739495e-13 1.4407986718548865e-13
-3.3587773891223408e-13 8.3557029078717699e-13
-2.4367097870027778e-13 -2.5441167342238268e-13
-2.0246879314255239e-13 -5.1463495739721129e-13
-2.1508917175115817e-13 2.3676910691799239e-14
1.6812610795474976e-13 -7.9633644519671447e-14
-1.1990728518380643e-13 -2.1035002957601502e-13
3.8544135963642239e-14 3.0975965317745351e-13
-3.6352491272728399e-13 1.2487477653510139e-13
3.5403091404979758e-13 -1.0028587334687071e-12
7.8662380171826608e-13 4.6827398453032887e-16
6.349654004801179e-14 1.1404858402844716e-12
-1.2729382516537962e-13 -6.1475525379801372e-14
-3.8413694508404691e-13 -2.6273587980132477e-13
-6.0468127826401515e-13 6.6607897982392401e-13
4.2472217867988519e-13 2.6360752292705354e-14
8.5214913886882858e-13 -7.5424713896303765e-13
-9.6965085444208924e-13 -1.2178612078255249e-12
2.7228866999284994e-12 2.0214385888152577e-14
-1.181270464237869e-12 1.5993402548799131e-12
1.0779558870487569e-12 1.0274990438274329e-12
2.0184913196203085e-13 4.3252412655960352e-13
4.8125766173613629e-14 2.8094879730574899e-13
-1.8239043486222942e-13 9.7306494780707889e-13
-2.581766810225101e-13 6.5590345709056256e-13
-3.6800045504304696e-13 7.3009718714212976e-13
-5.791949887784418e-13 4.838086117330674e-13
-1.2740638447287726e-13 1.7405952766276512e-13
-9.8874262531134079e-13 6.095469568465276e-13
-4.1162330773260241e-13 -6.36792820604922e-13
2.6852129980132801e-13 5.1120287400582213e-13
-8.1951538688757806e-13 -4.6564802083894973e-13
6.8680489802772391e-13 5.9135932634457555e-13
-5.7230736577140754e-13 1.012012238645268e-12
1.2764008472295275e-12 -9.5983403484946762e-13
-2.3449977160381424e-12 4.3944025662810953e-12
-1.5712260703497929e-12 -1.4570592777151223e-13
-2.5772197573390465e-12 -3.848715631956589e-12
1.3568284697174397e-12 1.0534485702124459e-12
-4.6044271368313097e-13 -8.5254505448680799e-13
4.3888667702869074e-14 -4.0771686984175549e-13
-5.2695921143191834e-13 1.5990974463916976e-13
3.1854553496848915e-13 -3.9220318991684808e-13
-1.2879137858185688e-13 -4.4817763191604686e-13
4.6791099055377436e-13 -4.3816034087292242e-13
-2.2451501092430526e-14 8.5170777513727284e-13
-3.6974731795277059e-13 -3.0031516207476289e-13
2.4152863709486515e-14 -2.6901034170600326e-13
-2.200112358368449e-13 1.1771588547519626e-13
2.9458089624210283e-13 2.1725580246944727e-13
6.1150429332729377e-14 6.2350530503062405e-14
-2.6491020760907728e-14 -6.4116919157942463e-14
-6.8417656668213456e-13 3.333408137719119e-13
1.3389657952261533e-13 -3.5360760161044823e-13
2.3216476568134205e-13 -2.5494010021883681e-14
-2.0158767684264485e-13 2.6458310451554114e-13
-1.3578994280034818e-13 5.6493481230757181e-14
-3.5835637791014895e-13 -9.7730763343036151e-14
-5.9743163478412002e-14 6.9235283355575368e-14
-9.580368299528422e-14 1.7385750341944631e-14
3.1353197785478922e-13 9.8543391769945754e-14
9.5335748341932261e-14 4.885932671516834e-13
-5.1209295876275577e-13 1.0855696146476292e-13
-3.0443826755293483e-13 3.1882052129715007e-14
-3.7012438549720798e-13 -1.3670365959298176e-13
-3.6820747451548952e-13 -2.6541437361632058e-14
-2.1134325995221992e-13 -2.5870624858601257e-13
1.2385524756286068e-13 -3.5503355159187116e-13
-1.764281385067378e-13 -1.2787756138125348e-13
-1.8268812861992934e-13 -1.7624068209992253e-13
2.5588370983861498e-13 2.196654057094448e-13
-1.0555732864714976e-13 -1.9211689411156822e-14
-3.9105397979871163e-13 -1.4766102119294554e-14
-8.9520635943646496e-14 -1.1368657231726022e-13
2.0436570306270479e-13 -2.1764054383273993e-14
-1.0367616033894791e-13 1.060611803430497e-13
-1.8188888124558834e-15 -8.0443112268456779e-14
-1.4302253945391764e-13 2.5871492048398198e-13
-1.758276910149529e-13 -1.5439213062669821e-13
-1.0200527820931266e-13 -3.0317128674644835e-13
2.8225940411393684e-14 1.2942526001249276e-13
7.0965386969961417e-14 2.9043184330771531e-13
-2.0435897691394373e-13 -1.0620142435614552e-13
3.5861998607412413e-14 -2.2667021438900547e-13
1.7547841618962647e-14 -1.1541226214210573e-13
9.835032434923238e-14 -1.7603051082231253e-13
6.3539665547679018e-14 9.3147021161924227e-14
-1.2722923927812118e-13 2.4368135562291546e-13
-2.1349206461137224e-13 8.2519490584496569e-15
-9.1686315567709669e-14 -4.0275197605220999e-13
3.9397032652091935e-13 1.4317326693930967e-13
-1.2459223683363799e-13 2.4650246519442e-13
-4.389973153388965e-14 7.7746771643587857e-14
-9.6879699774920746e-14 5.9328914664037e-14
-2.5774568730362202e-13 -5.1604197005375548e-14
3.7035331806583329e-14 -3.8229362998524924e-14
4.5514088723680715e-13 -4.2204812650101377e-13
-3.981970967713717e-13 4.9247124241023633e-13
-5.8950302435607381e-13 -4.8081097583645348e-14
-2.9384271093707524e-13 -5.8482530222868867e-13
1.4963908487984769e-13 -5.5053962605838444e-16
2.920302495239353e-13 -3.0580338326008918e-13
1.5852906980964606e-13 -1.3559655855171354e-13
-5.452930518739035e-14 -7.0567756692920774e-14
-3.6438295772477029e-13 -1.2008819202821134e-14
2.944432382902637e-13 -1.7842302779887208e-12
2.6447778277847951e-12 -1.2238007911887309e-14
3.029385325699487e-13 2.47307970431224e-12
-4.1564868845326487e-13 1.0650340834666025e-13
3.461293476273048e-13 3.0174554968992072e-13
-3.931733868261256e-13 1.960554443347687e-14
2.4769152619435606e-13 -5.6288715902917087e-13
-2.9053646797042465e-13 -4.0581584218707528e-14
-4.587914906674072e-13 -1.2096096023850981e-13
1.5687352702085581e-12 4.1005452170424106e-13
-6.1357645175299854e-13 2.7774434176536376e-13
8.1487136519360564e-13 7.9803436683630087e-13
-3.2416667298789398e-13 4.968266269487645e-13
4.8440818725076208e-13 7.4466221895950747e-13
-8.0264289703469976e-14 8.2886878077436255e-13
4.8087096862336204e-14 2.5814342308779274e-13
-4.6374512916356184e-13 7.6387912509330296e-13
-2.816470040968523e-13 3.1939304484581656e-13
-4.4211471068996541e-13 9.9733116790684832e-13
-1.8988530663630186e-12 3.1831743282916688e-13
-1.4476942016357075e-13 -7.9597777462292876e-13
1.0548013933498159e-13 7.6706406353019281e-15
-3.1171891077811055e-13 -5.6108279267938904e-13
3.1250656261151871e-13 2.2289302379247178e-13
-1.3360750536871337e-13 3.0417386789513137e-13
5.0769103174422802e-13 -3.3647911352082503e-13
-7.480379565127348e-13 1.4148455764846067e-12
-6.7502633636136065e-13 -4.0682137019816208e-14
-8.8445278453325345e-13 -1.1921123418717331e-12
7.1038605512744756e-13 4.6027495958199665e-13
-1.7075528032390342e-13 -1.8735604544277702e-13
-2.7872354726815199e-13 -1.9728046337509179e-13
-2.8832493985576777e-13 6.2667488011520976e-14
-8.7862749617644409e-14 -1.2621266954325626e-13
-1.0077638676069727e-13 -1.2364484347622802e-13
4.078140242639997e-13 -8.9657328519998991e-14
-1.7027567491122643e-14 6.2417375209774578e-13
-3.0382118057153296e-13 -8.6698546001619874e-14
1.4892158167578091e-13 -2.9629622105394171e-13
1.9248834554718471e-14 2.7631862870106053e-14
1.0580409971669701e-13 8.1662204781892786e-14
-1.189397812966554e-13 2.0087670509673389e-13
-9.5376081286473902e-15 1.6107424303845899e-13
-3.3187104789114198e-13 3.2144279077765177e-13
9.6220184092080841e-14 -3.6173194264536302e-13
1.1140538316419336e-13 -9.7971764518856002e-15
-2.8285618129931922e-13 5.1164659972418414e-13
3.6918655209413696e-15 1.4523315413868713e-13
-1.4692130614818104e-13 -7.3257649652732665e-14
5.1375204950362325e-14 -4.0415333503087643e-14
-7.6857257736388095e-14 3.8799794313751737e-14
5.6330475938747804e-14 1.4351881070036301e-14
-5.0798353838536583e-14 3.3534766274265053e-13
-6.1000374947965782e-13 3.2046861860188172e-14
1.3384794523322673e-13 7.8580945126634937e-14
1.2973528277590813e-13 2.639321204399335e-14
256 -1.0180745135812685e-13
-1.5398220730743503e-13 2.7606995573297241e-13
4.3301705380815084e-14 9.5359077879742193e-14
8.2326402482101846e-14 1.5723476480902944e-13
-1.1769923742228133e-13 -2.1564331798665131e-13
3.0497582038198876e-13 3.2002046978113036e-13
-1.7041583648576173e-13 3.3383931203433995e-13
-1.6756504496752638e-13 1.5369787213993789e-13
-4.0621275940883564e-14 5.5048731415754269e-14
1.680365542924157e-13 -1.8603871247871943e-14
-8.1816506663048796e-14 4.4244345789615713e-13
-2.1737012408342247e-14 -1.3115804751246424e-14
5.1706518932168606e-15 5.0599640852823364e-13
-2.5089354219720966e-13 1.8479903037693361e-13
1.888396770848954e-13 -1.345937172983665e-13
7.7368662210894204e-14 2.1207124667255826e-13
2.1901981383879965e-13 1.7714317332269532e-13
-6.0813865121732128e-13 2.8974815403858494e-13
-8.3938511389917603e-14 1.7060495308103092e-14
1.1821782796903155e-13 4.5995106372346089e-13
1.0449858100680148e-13 2.615253511662859e-14
2.659561958652761e-13 2.7286276182294337e-13
-1.5863681933844091e-13 5.2890005846475017e-13
-1.046369544181866e-13 2.0443182706668906e-13
-2.8732344605791671e-13 -3.6916753084276755e-14
4.5088672799045596e-13 7.2975651596182338e-14
1.4952487786473108e-14 8.3671867234223066e-13
-1.7899848168947234e-13 2.0993526593770901e-13
1.8154775353680572e-13 5.4083196324116711e-13
-5.8335533378883175e-13 1.828256202848536e-13
2.1376581008528621e-13 2.0248517590468272e-13
3.1395976061752198e-14 3.4611827881870576e-13
-2.5985270300295693e-13 9.8198024958505761e-13
-4.4091502257651985e-13 1.023442488193974e-12
-4.6759735547071936e-13 -1.0089857728038586e-12
5.0180694335843834e-13 1.2035010252108689e-12
-6.5659732360636982e-13 2.0656690346215524e-13
1.1913338388037109e-12 8.6942787193946157e-13
-1.0897448081835831e-12 1.6894593077314003e-12
1.0156634273701165e-12 6.0077683400114454e-13
-1.2719004347363558e-12 5.8941146444214508e-12
-8.0196807175151747e-12 -1.0504945207675691e-14
-1.216709731501448e-12 -5.0228810051048449e-12
7.3671375967889542e-13 -6.4964449968470365e-13
-1.1005762655952933e-12 -1.24646202184924e-12
2.6715708825285288e-13 -7.0175512676654259e-13
-3.7325811180438037e-13 -4.8814132605970635e-13
3.3057942599259635e-13 -7.7193190443649215e-13
-6.7511496647166028e-14 -8.8378869765162987e-14
8.9720254306039058e-13 -5.2262487012284863e-13
