10240000 32768
-1.2940876254019103e-12 -1.278303433459269e-12
-1.7626109390697833e-12 -2.7864786180858067e-17
1.2623267337215186e-12 -1.3096769325081942e-12
0 0
1.3250690070858129e-12 1.2461599322208721e-12
-3.7692347616224026e-12 9.8146835799166747e-16
-1.2298054636181697e-12 1.3402615311449514e-12
0 0
-1.3552522167473687e-12 -1.2132657908362263e-12
-3.9919367180956079e-11 -9.9302875137580785e-16
1.1965434046889254e-12 -1.3700388063509534e-12
0 0
1.3846190731497002e-12 1.1796408235061107e-12
6.44485621225373e-11 2.3608236009101993e-15
-1.1625605927543361e-12 1.3989908214090603e-12
0 0
-1.4131518867966087e-12 -1.1453052846535267e-12
5.6858936798199685e-11 4.4097857842745921e-16
1.1278774977896123e-12 -1.4271001367079864e-12
0 0
1.440833470588063e-12 1.1102798567231904e-12
-6.0710359148020284e-11 -3.3531730354749071e-16
-1.092515011594276e-12 1.4543498202472711e-12
0 0
-1.4676471501730686e-12 -1.0745856377232017e-12
5.2410707255214795e-11 -5.0252470739254893e-17
1.056494435207723e-12 -1.4807234578364811e-12
0 0
1.4935767739936721e-12 1.0382441285163938e-12
2.4814637609190863e-11 -1.6305997659451028e-16
-1.0198374660782722e-12 1.5062051629825067e-12
0 0
-1.5186067230140543e-12 -1.001277219869016e-12
6.0110473766749299e-11 -1.2960030851419705e-15
9.8256618499343488e-13 -1.5307795864589904e-12
0 0
1.5427219201288556e-12 9.6370717926455603e-13
-7.8977341027781803e-12 -6.1382937689690999e-16
-9.4470304277927361e-13 1.5544319255521267e-12
0 0
-1.5659078392450596e-12 -9.2555663749063951e-13
-4.4067220288877119e-11 1.4414718233852496e-15
9.0627084677686431e-13 -1.577147932977264e-12
0 0
1.5881505140319679e-12 8.868485750070905e-13
1.2976705069683253e-11 -2.7619774291737515e-15
-8.6729274710400595e-13 1.5989139254609352e-12
0 0
-1.6094365463339958e-12 -8.4760630810336132e-13
256.00000000000597 1.5432100042289676e-14
8.2779222271045698e-13 -1.6197167919831516e-12
0 0
1.629753114241221e-12 8.0785347485367175e-13
-3.4372426491102078e-11 -2.0388609403481685e-15
-7.8779306723509219e-13 1.639544001674989e-12
0 0
-1.6490879798128214e-12 -7.6761402087831774e-13
1.5778529112008194e-11 -1.2737967464783515e-15
7.4731937467350512e-13 -1.6583836113667162e-12
0 0
1.6674294964487537e-12 7.269121849197233e-13
-5.8513848505267081e-11 -2.9371175363117119e-17
-7.0639552486468593e-13 1.6762242727819137e-12
0 0
-1.6847666159052303e-12 -6.8577248424193099e-13
2.8083111049146375e-11 3.5157222341526544e-15
6.6504616880551833e-13 -1.69305523937325e-12
0 0
1.7010888949497667e-12 6.4421969986231581e-13
-3.3099084348800152e-11 5.5983231107426432e-16
-6.2329621380194009e-13 1.7088663727958009e-12
0 0
-1.7163865016517962e-12 -6.0227886162442981e-13
2.7933651446721257e-11 -8.5528101331446988e-16
5.8117080846571444e-13 -1.7236481490140088e-12
0 0
1.7306502213050559e-12 5.5997523312095822e-13
5.213407422907825e-12 -7.1733491327110979e-15
-5.3869532756584494e-13 1.7373916640386063e-12
0 0
-1.7438714619781815e-12 -5.1733429647587761e-13
-5.4356797512199637e-11 7.5453437670471112e-17
4.9589535674376562e-13 -1.7500886392900458e-12
0 0
1.756042259690165e-12 4.7438173699497487e-13
7.803541760174636e-11 6.2926078751457238e-16
-4.5279667710150591e-13 1.761731426585206e-12
0 0
-1.7671552832075607e-12 -4.3114342769398213e-13
-5.7629751570171167e-13 1.6846314167166233e-16
4.094252496721183e-13 -1.7723130127443724e-12
0 0
1.7772038384605444e-12 3.8764541371363789e-13
-3.9231828908361874e-11 -4.7434405630946188e-15
-3.6580719978172411e-13 1.7818270238157138e-12
0 0
-1.7861818725751714e-12 -3.4391389663106808e-13
8.0947692191887757e-13 3.2383661030852111e-16
3.2196880131259397e-13 -1.7902677289147123e-12
0 0
1.7940839775194013e-12 2.9997521867693655e-13
1.8751632832006024e-11 -7.5701247383379261e-16
-2.7793646087674196e-13 1.7976300436762348e-12
0 0
-1.800905393360694e-12 -2.5585584686786972e-13
1.7650460702170466e-11 1.3961458051232717e-16
2.3373670190957137e-13 -1.8039095333171636e-12
0 0
1.8066420111332163e-12 2.1158235706371665e-13
1.0111778192390735e-11 5.0473625650616688e-16
-1.8939614869314882e-13 1.809102415307744e-12
0 0
-1.8112903753129282e-12 -1.671814179592418e-13
3.0640336773281101e-11 2.5536146369600125e-15
1.4494151031873154e-13 -1.8132055616500396e-12
0 0
1.814847685899061e-12 1.2267977501990435e-13
1.3209709031977654e-12 1.9526830140315481e-16
-1.0039956459821068e-13 1.8162165007621202e-12
0 0
-1.8173118001007338e-12 -7.8104234371386902e-14
4.268882076130181e-11 -1.8309951780298586e-15
5.5797141934156894e-14 -1.8181334189668508e-12
0 0
1.8186812336276915e-12 3.348164665258981e-14
-1.2180543516078497e-11 -2.0957278292310241e-15
-1.11611091581918e-14 1.8189551615843831e-12
0 0
-1.8189551615843831e-12 1.1161109158191498e-14
-6.1495497584267406e-11 5.0866578738190753e-16
-3.3481646652589406e-14 -1.8186812336276915e-12
0 0
1.8181334189668508e-12 -5.5797141934156793e-14
1.0123350044113162e-11 -4.3976502370847037e-16
7.8104234371386397e-14 1.8173118001007342e-12
0 0
-1.81621650076212e-12 1.0039956459821007e-13
9.421691800656942e-15 -3.667298118371525e-16
-1.2267977501990374e-13 -1.8148476858990608e-12
0 0
1.8132055616500398e-12 -1.4494151031873104e-13
-1.750190281580507e-11 -9.3004285997476661e-16
1.671814179592413e-13 1.8112903753129282e-12
0 0
-1.8091024153077442e-12 1.8939614869314842e-13
-2.5234363388218717e-11 1.9645629713325336e-16
-2.1158235706371615e-13 -1.8066420111332165e-12
0 0
1.8039095333171636e-12 -2.3373670190957097e-13
-1.6977701730369946e-11 2.2359382866690152e-15
2.5585584686786961e-13 1.8009053933606938e-12
0 0
-1.7976300436762348e-12 2.7793646087674156e-13
8.1404529685409257e-12 -1.4985211292160359e-15
-2.9997521867693615e-13 -1.7940839775194009e-12
0 0
1.7902677289147125e-12 -3.2196880131259357e-13
-4.3841094052160273e-12 -1.7657014023708986e-15
3.4391389663106777e-13 1.7861818725751716e-12
0 0
-1.7818270238157138e-12 3.6580719978172381e-13
1.1893094673580147e-11 -2.9149760008895296e-15
-3.8764541371363738e-13 -1.7772038384605444e-12
0 0
1.7723130127443728e-12 -4.0942524967211749e-13
-1.8621255229495881e-11 -4.5332499546882233e-16
4.3114342769398193e-13 1.7671552832075607e-12
0 0
-1.761731426585206e-12 4.5279667710150561e-13
7.9189748206630328e-12 -5.0104028689042854e-16
-4.7438173699497457e-13 -1.7560422596901652e-12
0 0
1.7500886392900458e-12 -4.9589535674376531e-13
-3.3941168855900443e-11 1.8793974371032982e-15
5.1733429647587691e-13 1.7438714619781815e-12
0 0
-1.7373916640386063e-12 5.3869532756584473e-13
-2.8361538716853765e-11 3.7208901830285912e-16
-5.5997523312095792e-13 -1.7306502213050559e-12
0 0
1.7236481490140088e-12 -5.8117080846571394e-13
2.9458181152703995e-11 -5.4055402484544375e-16
6.0227886162442941e-13 1.7163865016517966e-12
0 0
-1.7088663727958009e-12 6.2329621380193969e-13
3.4488499043051263e-11 -1.4664211949860944e-16
-6.4421969986231551e-13 -1.7010888949497669e-12
0 0
1.69305523937325e-12 -6.6504616880551802e-13
5.0149547116351229e-12 -5.1851314954345626e-16
6.8577248424193048e-13 1.6847666159052303e-12
0 0
-1.6762242727819139e-12 7.0639552486468553e-13
2.3243820472259387e-11 -7.842383258401627e-16
-7.269121849197229e-13 -1.6674294964487539e-12
0 0
1.6583836113667164e-12 -7.4731937467350451e-13
4.1275835779035235e-11 1.0369783110467088e-15
7.6761402087831743e-13 1.6490879798128214e-12
0 0
-1.6395440016749892e-12 7.8779306723509199e-13
2.8064531186759271e-11 5.9955692603488965e-17
-8.0785347485367145e-13 -1.6297531142412212e-12
0 0
1.6197167919831516e-12 -8.2779222271045678e-13
-4.106626967177214e-11 -1.9324422707504972e-14
8.4760630810336082e-13 1.6094365463339962e-12
0 0
-1.5989139254609354e-12 8.6729274710400574e-13
3.002249431340638e-13 9.6427408277082368e-16
-8.8684857500709019e-13 -1.5881505140319681e-12
0 0
1.5771479329772642e-12 -9.0627084677686401e-13
3.2559000479223288e-11 -6.3958633360507666e-16
9.2555663749063911e-13 1.56590783924506e-12
0 0
-1.5544319255521271e-12 9.447030427792732e-13
4.9119625957025329e-11 1.1995878301510359e-16
-9.6370717926455583e-13 -1.5427219201288558e-12
0 0
1.5307795864589906e-12 -9.8256618499343468e-13
3.5744121953771771e-13 9.6125430116941491e-16
1.001277219869016e-12 1.5186067230140543e-12
0 0
-1.5062051629825069e-12 1.0198374660782718e-12
1.3800734589194867e-13 1.6841309005033783e-15
-1.0382441285163934e-12 -1.4935767739936723e-12
0 0
1.4807234578364815e-12 -1.0564944352077226e-12
-1.0377030884482165e-11 -1.9774371502308055e-16
1.0745856377232015e-12 1.4676471501730688e-12
0 0
-1.4543498202472713e-12 1.0925150115942758e-12
4.9292604461582404e-11 -4.109021784195393e-16
-1.11027985672319e-12 -1.4408334705880634e-12
0 0
1.4271001367079868e-12 -1.1278774977896119e-12
-2.727474064031508e-11 -1.5084626280215293e-15
1.1453052846535263e-12 1.4131518867966089e-12
0 0
-1.3989908214090603e-12 1.1625605927543358e-12
-1.9540741732546464e-11 -1.6637577384881493e-15
-1.1796408235061105e-12 -1.3846190731497005e-12
0 0
1.3700388063509536e-12 -1.196543404688925e-12
-3.0817919700485569e-13 7.229004186847045e-16
1.2132657908362259e-12 1.3552522167473691e-12
0 0
-1.3402615311449518e-12 1.2298054636181693e-12
4.002351004272736e-11 1.1610665442642085e-16
-1.2461599322208719e-12 -1.3250690070858131e-12
0 0
1.3096769325081944e-12 -1.2623267337215184e-12
-3.1233268940821604e-11 -1.5741392636431956e-16
1.2783034334592688e-12 1.2940876254019105e-12
0 0
-1.2783034334592692e-12 1.29408762540191e-12
2.4173363602096097e-11 -1.3641887911189471e-15
-1.3096769325081942e-12 -1.2623267337215186e-12
0 0
1.2461599322208723e-12 -1.3250690070858127e-12
2.2973572932385511e-11 8.786582620293702e-16
1.3402615311449514e-12 1.2298054636181697e-12
0 0
-1.2132657908362263e-12 1.3552522167473687e-12
-5.8594113118883242e-11 3.4279983133466193e-17
-1.3700388063509534e-12 -1.1965434046889254e-12
0 0
1.1796408235061111e-12 -1.3846190731497005e-12
3.9474877393973212e-11 3.4106822321638581e-15
1.3989908214090601e-12 1.1625605927543363e-12
0 0
-1.1453052846535267e-12 1.4131518867966087e-12
3.4187455881223823e-11 -2.9086863157246328e-15
-1.4271001367079864e-12 -1.1278774977896123e-12
0 0
1.1102798567231904e-12 -1.440833470588063e-12
1.403590183891585e-11 3.3363139366206391e-16
1.4543498202472709e-12 1.0925150115942762e-12
0 0
-1.0745856377232019e-12 1.4676471501730686e-12
-3.53986794085681e-12 3.9370696512788658e-17
-1.4807234578364811e-12 -1.056494435207723e-12
0 0
1.0382441285163938e-12 -1.4935767739936721e-12
-1.8559687552711473e-11 -2.2660919139402949e-15
1.5062051629825067e-12 1.0198374660782722e-12
0 0
-1.001277219869016e-12 1.5186067230140543e-12
-1.5035158653268773e-12 2.62779296383879e-16
-1.5307795864589902e-12 -9.8256618499343508e-13
0 0
9.6370717926455623e-13 -1.5427219201288554e-12
1.3857817461720231e-11 -1.217660993323187e-15
1.5544319255521267e-12 9.4470304277927361e-13
0 0
-9.2555663749063951e-13 1.5659078392450596e-12
-2.1855368816706345e-11 -8.3723910224198168e-16
-1.577147932977264e-12 -9.0627084677686441e-13
0 0
8.868485750070906e-13 -1.5881505140319677e-12
-1.7633683891499267e-11 6.6722459798335577e-16
1.598913925460935e-12 8.6729274710400615e-13
0 0
-8.4760630810336122e-13 1.609436546333996e-12
-6.825717209120027e-11 2.2868191455469896e-15
-1.6197167919831516e-12 -8.2779222271045698e-13
0 0
8.0785347485367206e-13 -1.629753114241221e-12
-3.4843081007724149e-12 -2.4415140518022669e-17
1.6395440016749888e-12 7.8779306723509239e-13
0 0
-7.6761402087831784e-13 1.6490879798128212e-12
3.173994470627957e-11 8.0959367233977795e-16
-1.6583836113667162e-12 -7.4731937467350512e-13
0 0
7.269121849197233e-13 -1.6674294964487537e-12
3.2390531027884627e-11 -3.0808589248288775e-15
1.6762242727819135e-12 7.0639552486468604e-13
0 0
-6.8577248424193109e-13 1.6847666159052303e-12
-1.9403568704618244e-11 1.9181323080962418e-16
-1.6930552393732496e-12 -6.6504616880551843e-13
0 0
6.4421969986231591e-13 -1.7010888949497665e-12
-1.6699137765818155e-11 4.7003349359828058e-16
1.7088663727958009e-12 6.2329621380194009e-13
0 0
-6.0227886162442981e-13 1.7163865016517962e-12
-3.2430334010081765e-11 7.2093537026166465e-16
-1.7236481490140088e-12 -5.8117080846571454e-13
0 0
5.5997523312095853e-13 -1.7306502213050559e-12
-4.1392612276886458e-11 -9.4096133435863302e-15
1.7373916640386063e-12 5.3869532756584534e-13
0 0
-5.1733429647587782e-13 1.7438714619781811e-12
3.4179420467958115e-11 -6.5927693320197665e-16
-1.7500886392900456e-12 -4.9589535674376622e-13
0 0
4.7438173699497538e-13 -1.7560422596901647e-12
-1.7263600787777086e-11 -1.0228590740747155e-15
1.761731426585206e-12 4.5279667710150561e-13
0 0
-4.3114342769398213e-13 1.7671552832075607e-12
9.1570273029039309e-11 6.3666422466158301e-16
-1.7723130127443728e-12 -4.0942524967211819e-13
0 0
3.8764541371363789e-13 -1.7772038384605444e-12
-1.3674929776035174e-11 4.3589956550826458e-16
1.7818270238157138e-12 3.6580719978172442e-13
0 0
-3.4391389663106818e-13 1.7861818725751712e-12
1.6406253803283591e-11 -1.423189260651642e-15
-1.7902677289147123e-12 -3.2196880131259417e-13
0 0
2.9997521867693686e-13 -1.7940839775194009e-12
-4.2517770188292213e-11 -5.4551764305496233e-16
1.7976300436762348e-12 2.7793646087674236e-13
0 0
-2.5585584686787042e-13 1.8009053933606938e-12
2.3818363552812681e-11 2.2010947780438281e-16
-1.8039095333171636e-12 -2.3373670190957117e-13
0 0
2.1158235706371625e-13 -1.8066420111332161e-12
-5.0894214386323507e-11 -2.6418176993216045e-15
1.809102415307744e-12 1.8939614869314872e-13
0 0
-1.671814179592416e-13 1.811290375312928e-12
3.1476908043111241e-11 6.7809345044086623e-15
-1.8132055616500398e-12 -1.4494151031873154e-13
0 0
1.2267977501990435e-13 -1.814847685899061e-12
5.6042826039567252e-11 6.9943182921184835e-16
1.81621650076212e-12 1.0039956459821078e-13
0 0
-7.8104234371387306e-14 1.817311800100734e-12
3.4117671535094402e-11 5.993586738149398e-16
-1.8181334189668508e-12 -5.5797141934157197e-14
0 0
3.3481646652590214e-14 -1.8186812336276913e-12
2.495064082134262e-11 -3.5779595273287169e-16
1.8189551615843831e-12 1.1161109158192305e-14
0 0
1.11611091581918e-14 1.8189551615843831e-12
1.087917629929806e-11 1.4034242420429867e-15
-1.8186812336276915e-12 3.3481646652589406e-14
0 0
-5.5797141934156793e-14 -1.8181334189668508e-12
4.5200676099497574e-11 3.957534710164058e-16
1.817311800100734e-12 -7.8104234371386599e-14
0 0
1.0039956459820997e-13 1.8162165007621202e-12
-2.799545013879394e-12 -1.4010819068561573e-16
-1.814847685899061e-12 1.2267977501990364e-13
0 0
-1.4494151031873083e-13 -1.8132055616500396e-12
3.5604202347902958e-11 3.9742468593295724e-15
1.811290375312928e-12 -1.671814179592412e-13
0 0
1.8939614869314801e-13 1.809102415307744e-12
-7.5100004245124719e-12 -2.2612618966868075e-15
-1.8066420111332165e-12 2.1158235706371544e-13
0 0
-2.3373670190957056e-13 -1.8039095333171636e-12
-5.4888995190556608e-11 -2.1905228833964645e-17
1.800905393360694e-12 -2.5585584686786972e-13
0 0
2.7793646087674186e-13 1.7976300436762348e-12
-1.058442733825706e-11 -1.4738482536382884e-15
-1.7940839775194009e-12 2.9997521867693635e-13
0 0
-3.2196880131259367e-13 -1.7902677289147123e-12
-4.4732076732611631e-11 -5.4136306427421959e-16
1.7861818725751716e-12 -3.4391389663106737e-13
0 0
3.6580719978172361e-13 1.7818270238157138e-12
7.3561910071820564e-12 -6.5414799327485365e-16
-1.7772038384605444e-12 3.8764541371363738e-13
0 0
-4.0942524967211749e-13 -1.7723130127443728e-12
-3.7940077323646602e-11 -9.7538087468658431e-16
1.7671552832075611e-12 -4.3114342769398163e-13
0 0
4.52796677101505e-13 1.761731426585206e-12
2.5484730963733784e-11 -5.755653513299446e-16
-1.7560422596901652e-12 4.7438173699497487e-13
0 0
-4.9589535674376552e-13 -1.7500886392900458e-12
-3.2760552920759401e-11 1.8807966238312757e-15
1.7438714619781815e-12 -5.1733429647587731e-13
0 0
5.3869532756584463e-13 1.7373916640386063e-12
3.8611706390696513e-12 -4.9597047526890845e-15
-1.7306502213050559e-12 5.5997523312095782e-13
0 0
-5.8117080846571383e-13 -1.7236481490140088e-12
4.2485740528015024e-11 1.7416603136321806e-16
1.7163865016517964e-12 -6.022788616244291e-13
0 0
6.2329621380193959e-13 1.7088663727958011e-12
1.9356548710246835e-11 -2.348848112941345e-16
-1.7010888949497669e-12 6.44219699862315e-13
0 0
-6.6504616880551772e-13 -1.6930552393732504e-12
-5.5262379334729881e-11 -3.4612800273992361e-15
1.6847666159052303e-12 -6.8577248424192988e-13
0 0
7.0639552486468583e-13 1.6762242727819137e-12
-2.7234710753230373e-11 1.0405100751775079e-15
-1.6674294964487537e-12 7.269121849197231e-13
0 0
-7.4731937467350482e-13 -1.6583836113667164e-12
-5.3420680342075624e-12 -1.0236717547374395e-15
1.6490879798128216e-12 -7.6761402087831743e-13
0 0
7.8779306723509199e-13 1.6395440016749892e-12
4.1727548375276942e-11 5.6476671837558364e-16
-1.6297531142412212e-12 8.0785347485367135e-13
0 0
-8.2779222271045668e-13 -1.6197167919831518e-12
4.6895820560166612e-12 -1.8873791418627661e-15
1.6094365463339962e-12 -8.4760630810336071e-13
0 0
8.6729274710400544e-13 1.5989139254609356e-12
-2.7514263038745033e-11 -3.8544582434401745e-15
-1.5881505140319681e-12 8.8684857500708969e-13
0 0
-9.062708467768635e-13 -1.5771479329772644e-12
-8.2610153376138189e-12 2.7580849197319545e-16
1.5659078392450596e-12 -9.2555663749063931e-13
0 0
9.447030427792734e-13 1.5544319255521269e-12
-1.7719477735045972e-11 -1.1054675345435562e-16
-1.5427219201288558e-12 9.6370717926455583e-13
0 0
-9.8256618499343448e-13 -1.5307795864589906e-12
-3.4914091346274983e-11 2.1319664717402592e-18
1.5186067230140545e-12 -1.0012772198690158e-12
0 0
1.0198374660782716e-12 1.5062051629825071e-12
-8.1294534313380217e-12 -3.8696137379251036e-16
-1.4935767739936725e-12 1.0382441285163932e-12
0 0
-1.0564944352077222e-12 -1.4807234578364815e-12
-6.3090517619180781e-11 -5.5504046385588856e-16
1.4676471501730692e-12 -1.0745856377232011e-12
0 0
1.0925150115942752e-12 1.4543498202472715e-12
-2.8678371587657204e-11 -3.3124131141952916e-16
-1.4408334705880632e-12 1.1102798567231902e-12
0 0
-1.1278774977896121e-12 -1.4271001367079866e-12
1.5852636659047809e-11 -2.1850696592950446e-15
1.4131518867966087e-12 -1.1453052846535265e-12
0 0
1.1625605927543358e-12 1.3989908214090605e-12
-3.0829247900988992e-11 7.8248876322883692e-16
-1.3846190731497007e-12 1.1796408235061103e-12
0 0
-1.196543404688925e-12 -1.3700388063509538e-12
-6.1440163953467757e-11 7.4924493690866574e-16
1.3552522167473691e-12 -1.2132657908362259e-12
0 0
1.2298054636181693e-12 1.3402615311449518e-12
1.8014550697921015e-11 -3.1830312372123507e-16
-1.3250690070858135e-12 1.2461599322208715e-12
0 0
-1.262326733721518e-12 -1.3096769325081948e-12
-7.9249575689647642e-12 1.9456458905814381e-15
1.2940876254019109e-12 -1.2783034334592684e-12
0 0
1.2940876254019103e-12 1.278303433459269e-12
-7.9239213281953256e-12 1.2614659463888964e-15
-1.2623267337215186e-12 1.3096769325081942e-12
0 0
-1.3250690070858129e-12 -1.2461599322208721e-12
1.8014970812342017e-11 -1.4198793349355586e-16
1.2298054636181697e-12 -1.3402615311449514e-12
0 0
1.3552522167473687e-12 1.2132657908362263e-12
-6.1439500205305057e-11 -6.0138467274852103e-16
-1.1965434046889254e-12 1.3700388063509534e-12
0 0
-1.3846190731497002e-12 -1.1796408235061107e-12
-3.082554201992325e-11 2.9077651779843645e-15
1.1625605927543361e-12 -1.3989908214090603e-12
0 0
1.4131518867966087e-12 1.1453052846535267e-12
1.5851763837425899e-11 1.2677394363393009e-15
-1.1278774977896123e-12 1.4271001367079864e-12
0 0
-1.440833470588063e-12 -1.1102798567231904e-12
-2.8678862966341101e-11 2.6223479336911158e-16
1.092515011594276e-12 -1.4543498202472711e-12
0 0
1.4676471501730686e-12 1.0745856377232017e-12
-6.309077469418387e-11 -1.0623700603401852e-15
-1.056494435207723e-12 1.4807234578364811e-12
0 0
-1.4935767739936721e-12 -1.0382441285163938e-12
-8.1292749011698823e-12 -6.6562951861541956e-16
1.0198374660782722e-12 -1.5062051629825067e-12
0 0
1.5186067230140543e-12 1.001277219869016e-12
-3.4913630765503791e-11 7.5506076441065459e-16
-9.8256618499343488e-13 1.5307795864589904e-12
0 0
-1.5427219201288556e-12 -9.6370717926455603e-13
-1.7720639548759433e-11 5.2669735350599619e-16
9.4470304277927361e-13 -1.5544319255521267e-12
0 0
1.5659078392450596e-12 9.2555663749063951e-13
-8.2620967090626306e-12 -7.2884593566627265e-16
-9.0627084677686431e-13 1.577147932977264e-12
0 0
-1.5881505140319679e-12 -8.868485750070905e-13
-2.7514122732470505e-11 -1.7666650276772441e-16
8.6729274710400595e-13 -1.5989139254609352e-12
0 0
1.6094365463339958e-12 8.4760630810336132e-13
4.7180037654470652e-12 1.2212453270876722e-15
-8.2779222271045698e-13 1.6197167919831516e-12
0 0
-1.629753114241221e-12 -8.0785347485367175e-13
4.1727930767845411e-11 -1.5975421671809518e-15
7.8779306723509219e-13 -1.639544001674989e-12
0 0
1.6490879798128214e-12 7.6761402087831774e-13
-5.3425783420834275e-12 -6.6871415786008208e-16
-7.4731937467350512e-13 1.6583836113667162e-12
0 0
-1.6674294964487537e-12 -7.269121849197233e-13
-2.7232159515070509e-11 -1.4480853896717852e-15
7.0639552486468593e-13 -1.6762242727819137e-12
0 0
1.6847666159052303e-12 6.8577248424193099e-13
-5.5259805932753715e-11 2.1282096282403811e-15
-6.6504616880551833e-13 1.69305523937325e-12
0 0
-1.7010888949497667e-12 -6.4421969986231581e-13
1.935689620120242e-11 5.0692793107714708e-16
6.2329621380194009e-13 -1.7088663727958009e-12
0 0
1.7163865016517962e-12 6.0227886162442981e-13
4.2485110947926352e-11 1.0255853162511399e-15
-5.8117080846571444e-13 1.7236481490140088e-12
0 0
-1.7306502213050559e-12 -5.5997523312095822e-13
3.860656077455421e-12 -8.3364012767639633e-15
5.3869532756584494e-13 -1.7373916640386063e-12
0 0
1.7438714619781815e-12 5.1733429647587761e-13
-3.2764763448543555e-11 2.8562507586838641e-15
-4.9589535674376562e-13 1.7500886392900458e-12
0 0
-1.756042259690165e-12 -4.7438173699497487e-13
2.548298218765268e-11 9.4917383484489072e-16
4.5279667710150591e-13 -1.761731426585206e-12
0 0
1.7671552832075607e-12 4.3114342769398213e-13
-3.7940342608763459e-11 -1.966253548413832e-16
-4.094252496721183e-13 1.7723130127443724e-12
0 0
-1.7772038384605444e-12 -3.8764541371363789e-13
7.3537069725720707e-12 3.9363700803480112e-16
3.6580719978172411e-13 -1.7818270238157138e-12
0 0
1.7861818725751714e-12 3.4391389663106808e-13
-4.4729164292402213e-11 -3.9791773191614746e-16
-3.2196880131259397e-13 1.7902677289147123e-12
0 0
-1.7940839775194013e-12 -2.9997521867693655e-13
-1.0584250630976368e-11 -1.8863445555903501e-16
2.7793646087674196e-13 -1.7976300436762348e-12
0 0
1.800905393360694e-12 2.5585584686786972e-13
-5.4890530475348735e-11 -7.5497098236137105e-16
-2.3373670190957137e-13 1.8039095333171636e-12
0 0
-1.8066420111332163e-12 -2.1158235706371665e-13
-7.502992363307102e-12 -1.0747242561715826e-15
1.8939614869314882e-13 -1.809102415307744e-12
0 0
1.8112903753129282e-12 1.671814179592418e-13
3.5596890565534796e-11 -9.6644823758442531e-15
-1.4494151031873154e-13 1.8132055616500396e-12
0 0
-1.814847685899061e-12 -1.2267977501990435e-13
-2.7984869466882225e-12 1.2562071111092099e-16
1.0039956459821068e-13 -1.8162165007621202e-12
0 0
1.8173118001007338e-12 7.8104234371386902e-14
4.5200789202870892e-11 2.0542901469882873e-16
-5.5797141934156894e-14 1.8181334189668508e-12
0 0
-1.8186812336276915e-12 -3.348164665258981e-14
1.0879241831525254e-11 -3.55091517310866e-16
1.11611091581918e-14 -1.8189551615843831e-12
0 0
1.8189551615843831e-12 -1.1161109158191498e-14
2.4952420249441267e-11 -6.094488145296897e-16
3.3481646652589406e-14 1.8186812336276915e-12
0 0
-1.8181334189668508e-12 5.5797141934156793e-14
3.4119817972801816e-11 -9.4743958274348975e-16
-7.8104234371386397e-14 -1.8173118001007342e-12
0 0
1.81621650076212e-12 -1.0039956459821007e-13
5.6042889699239258e-11 4.068388572373266e-16
1.2267977501990374e-13 1.8148476858990608e-12
0 0
-1.8132055616500398e-12 1.4494151031873104e-13
3.148286663982603e-11 -4.8373050841132286e-16
-1.671814179592413e-13 -1.8112903753129282e-12
0 0
1.8091024153077442e-12 -1.8939614869314842e-13
-5.0891277906534193e-11 -1.4988158998896937e-15
2.1158235706371615e-13 1.8066420111332165e-12
0 0
-1.8039095333171636e-12 2.3373670190957097e-13
2.381767962670307e-11 -6.910487068235635e-16
-2.5585584686786961e-13 -1.8009053933606938e-12
0 0
1.7976300436762348e-12 -2.7793646087674156e-13
-4.2517927647102674e-11 4.9322583290932009e-16
2.9997521867693615e-13 1.7940839775194009e-12
0 0
-1.7902677289147125e-12 3.2196880131259357e-13
1.6402329974433072e-11 -1.014286524683087e-16
-3.4391389663106777e-13 -1.7861818725751716e-12
0 0
1.7818270238157138e-12 -3.6580719978172381e-13
-1.367567055437954e-11 -1.0075302680080741e-15
3.8764541371363738e-13 1.7772038384605444e-12
0 0
-1.7723130127443728e-12 4.0942524967211749e-13
9.1572464006755326e-11 -1.0235358427207489e-15
-4.3114342769398193e-13 -1.7671552832075607e-12
0 0
1.761731426585206e-12 -4.5279667710150561e-13
-1.726275511987246e-11 6.1232009562020525e-16
4.7438173699497457e-13 1.7560422596901652e-12
0 0
-1.7500886392900458e-12 4.9589535674376531e-13
3.4184851077678574e-11 1.4077478947611262e-15
-5.1733429647587691e-13 -1.7438714619781815e-12
0 0
1.7373916640386063e-12 -5.3869532756584473e-13
-4.1390282141703884e-11 5.623563419785024e-15
5.5997523312095792e-13 1.7306502213050559e-12
0 0
-1.7236481490140088e-12 5.8117080846571394e-13
-3.2428782876944134e-11 -4.9391187173007041e-16
-6.0227886162442941e-13 -1.7163865016517966e-12
0 0
1.7088663727958009e-12 -6.2329621380193969e-13
-1.6698800223012478e-11 5.1874511945966744e-16
6.4421969986231551e-13 1.7010888949497669e-12
0 0
-1.69305523937325e-12 6.6504616880551802e-13
-1.9403867041362797e-11 -2.8490043844997268e-15
-6.8577248424193048e-13 -1.6847666159052303e-12
0 0
1.6762242727819139e-12 -7.0639552486468553e-13
3.2393002303793853e-11 -5.7904113749767151e-17
7.269121849197229e-13 1.6674294964487539e-12
0 0
-1.6583836113667164e-12 7.4731937467350451e-13
3.1741095596269704e-11 1.7096609321960839e-16
-7.6761402087831743e-13 -1.6490879798128214e-12
0 0
1.6395440016749892e-12 -7.8779306723509199e-13
-3.4843039393032883e-12 -4.2024244465456358e-16
8.0785347485367145e-13 1.6297531142412212e-12
0 0
-1.6197167919831516e-12 8.2779222271045678e-13
-6.8243624797561679e-11 -1.2872045006624567e-14
-8.4760630810336082e-13 -1.6094365463339962e-12
0 0
1.5989139254609354e-12 -8.6729274710400574e-13
-1.764035328447984e-11 -3.8563383467414366e-15
8.8684857500709019e-13 1.5881505140319681e-12
0 0
-1.5771479329772642e-12 9.0627084677686401e-13
-2.1853940723236742e-11 -8.3306785636143384e-16
-9.2555663749063911e-13 -1.56590783924506e-12
0 0
1.5544319255521271e-12 -9.447030427792732e-13
1.3857352544322704e-11 8.7197681276669553e-16
9.6370717926455583e-13 1.5427219201288558e-12
0 0
-1.5307795864589906e-12 9.8256618499343468e-13
-1.5033114074721038e-12 -1.876048694356876e-16
-1.001277219869016e-12 -1.5186067230140543e-12
0 0
1.5062051629825069e-12 -1.0198374660782718e-12
-1.8558613698686472e-11 -1.1612186327360045e-15
1.0382441285163934e-12 1.4935767739936723e-12
0 0
-1.4807234578364815e-12 1.0564944352077226e-12
-3.5382156178457829e-12 -6.5933432838660158e-16
-1.0745856377232015e-12 -1.4676471501730688e-12
0 0
1.4543498202472713e-12 -1.0925150115942758e-12
1.4037029014650075e-11 -1.2428216881637318e-15
1.11027985672319e-12 1.4408334705880634e-12
0 0
-1.4271001367079868e-12 1.1278774977896119e-12
3.4186927698659496e-11 -3.1880285503841754e-15
-1.1453052846535263e-12 -1.4131518867966089e-12
0 0
1.3989908214090603e-12 -1.1625605927543358e-12
3.947404959462423e-11 -6.8162146435916044e-15
1.1796408235061105e-12 1.3846190731497005e-12
0 0
-1.3700388063509536e-12 1.196543404688925e-12
-5.8593835225860295e-11 -9.7371512752941984e-16
-1.2132657908362259e-12 -1.3552522167473691e-12
0 0
1.3402615311449518e-12 -1.2298054636181693e-12
2.2973916798279569e-11 2.6417464979652562e-16
1.2461599322208719e-12 1.3250690070858131e-12
0 0
-1.3096769325081944e-12 1.2623267337215184e-12
2.4175604106461728e-11 -7.579145815166116e-16
-1.2783034334592688e-12 -1.2940876254019105e-12
0 0
1.2783034334592692e-12 -1.29408762540191e-12
-3.123038652795807e-11 5.5379534189503608e-17
1.3096769325081942e-12 1.2623267337215186e-12
0 0
-1.2461599322208723e-12 1.3250690070858127e-12
4.0023262824132068e-11 6.16856769273135e-16
-1.3402615311449514e-12 -1.2298054636181697e-12
0 0
1.2132657908362263e-12 -1.3552522167473687e-12
-3.0884777213390457e-13 2.2865728342614099e-16
1.3700388063509534e-12 1.1965434046889254e-12
0 0
-1.1796408235061111e-12 1.3846190731497005e-12
-1.9534920910629749e-11 -2.7879345613261189e-15
-1.3989908214090601e-12 -1.1625605927543363e-12
0 0
1.1453052846535267e-12 -1.4131518867966087e-12
-2.7271659386729107e-11 1.1212193632174992e-15
1.4271001367079864e-12 1.1278774977896123e-12
0 0
-1.1102798567231904e-12 1.440833470588063e-12
4.9292797522977896e-11 -1.1848000302186121e-15
-1.4543498202472709e-12 -1.0925150115942762e-12
0 0
1.0745856377232019e-12 -1.4676471501730686e-12
-1.037740766512893e-11 3.3019129510924906e-16
1.4807234578364811e-12 1.056494435207723e-12
0 0
-1.0382441285163938e-12 1.4935767739936721e-12
1.3897187659522996e-13 8.0129596296327135e-16
-1.5062051629825067e-12 -1.0198374660782722e-12
0 0
1.001277219869016e-12 -1.5186067230140543e-12
3.5551187356670909e-13 8.8665529045549238e-17
1.5307795864589902e-12 9.8256618499343508e-13
0 0
-9.6370717926455623e-13 1.5427219201288554e-12
4.9121191955338177e-11 -7.671609337363713e-17
-1.5544319255521267e-12 -9.4470304277927361e-13
0 0
9.2555663749063951e-13 -1.5659078392450596e-12
3.2559947786687469e-11 -9.7490711033256761e-16
1.577147932977264e-12 9.0627084677686441e-13
0 0
-8.868485750070906e-13 1.5881505140319677e-12
3.0432237992070018e-13 -3.9773695046705325e-15
-1.598913925460935e-12 -8.6729274710400615e-13
0 0
8.4760630810336122e-13 -1.609436546333996e-12
-4.1052722378133543e-11 1.5567150862835484e-16
1.6197167919831516e-12 8.2779222271045698e-13
0 0
-8.0785347485367206e-13 1.629753114241221e-12
2.8065479557182635e-11 -2.9862635766546767e-16
-1.6395440016749888e-12 -7.8779306723509239e-13
0 0
7.6761402087831784e-13 -1.6490879798128212e-12
4.1276231537270152e-11 -3.6820560801444551e-16
1.6583836113667162e-12 7.4731937467350512e-13
0 0
-7.269121849197233e-13 1.6674294964487537e-12
2.3244721541371093e-11 -9.733154548631656e-16
-1.6762242727819135e-12 -7.0639552486468604e-13
0 0
6.8577248424193109e-13 -1.6847666159052303e-12
5.0166146588853591e-12 -3.5429989700411324e-16
1.6930552393732496e-12 6.6504616880551843e-13
0 0
-6.4421969986231591e-13 1.7010888949497665e-12
3.4489057300878741e-11 1.6071343652908181e-16
-1.7088663727958009e-12 -6.2329621380194009e-13
0 0
6.0227886162442981e-13 -1.7163865016517962e-12
2.945864022756828e-11 -5.5267640600025196e-16
1.7236481490140088e-12 5.8117080846571454e-13
0 0
-5.5997523312095853e-13 1.7306502213050559e-12
-2.8347590002674142e-11 3.1589924704083231e-15
-1.7373916640386063e-12 -5.3869532756584534e-13
0 0
5.1733429647587782e-13 -1.7438714619781811e-12
-3.3940348328844653e-11 2.2259299449516904e-15
1.7500886392900456e-12 4.9589535674376622e-13
0 0
-4.7438173699497538e-13 1.7560422596901647e-12
7.9204484424498142e-12 -6.9144789143873498e-16
-1.761731426585206e-12 -4.5279667710150561e-13
0 0
4.3114342769398213e-13 -1.7671552832075607e-12
-1.8621457950765206e-11 -7.5476003983699417e-16
1.7723130127443728e-12 4.0942524967211819e-13
0 0
-3.8764541371363789e-13 1.7772038384605444e-12
1.1894282573952232e-11 -1.706607275423261e-16
-1.7818270238157138e-12 -3.6580719978172442e-13
0 0
3.4391389663106818e-13 -1.7861818725751712e-12
-4.381768554860709e-12 1.0403189099560972e-15
1.7902677289147123e-12 3.2196880131259417e-13
0 0
-2.9997521867693686e-13 1.7940839775194009e-12
8.1457909342836046e-12 7.359372215051604e-16
-1.7976300436762348e-12 -2.7793646087674236e-13
0 0
2.5585584686787042e-13 -1.8009053933606938e-12
-1.6975622506251933e-11 3.1721337504255146e-15
1.8039095333171636e-12 2.3373670190957117e-13
0 0
-2.1158235706371625e-13 1.8066420111332161e-12
-2.5230913887118088e-11 1.9498724316917783e-16
-1.809102415307744e-12 -1.8939614869314872e-13
0 0
1.671814179592416e-13 -1.811290375312928e-12
-1.7512730280068988e-11 4.0295584463483805e-15
1.8132055616500398e-12 1.4494151031873154e-13
0 0
-1.2267977501990435e-13 1.814847685899061e-12
8.925281247652497e-15 9.3467513025259141e-16
-1.81621650076212e-12 -1.0039956459821078e-13
0 0
7.8104234371387306e-14 -1.817311800100734e-12
1.0122998623947319e-11 6.2485783289070748e-16
1.8181334189668508e-12 5.5797141934157197e-14
0 0
-3.3481646652590214e-14 1.8186812336276913e-12
-6.1495636136404315e-11 2.0700715896152684e-17
-1.8189551615843831e-12 -1.1161109158192305e-14
0 0
-1.11611091581918e-14 -1.8189551615843831e-12
-1.217970021441495e-11 9.5492167673416223e-16
1.8186812336276915e-12 -3.3481646652589406e-14
0 0
5.5797141934156793e-14 1.8181334189668508e-12
4.2688308462781421e-11 7.1606419404556831e-16
-1.817311800100734e-12 7.8104234371386599e-14
0 0
-1.0039956459820997e-13 -1.8162165007621202e-12
1.3214317223234145e-12 -4.2636016779030758e-16
1.814847685899061e-12 -1.2267977501990364e-13
0 0
1.4494151031873083e-13 1.8132055616500396e-12
3.0632843531030225e-11 4.8708663548260925e-15
-1.811290375312928e-12 1.671814179592412e-13
0 0
-1.8939614869314801e-13 -1.809102415307744e-12
1.0108409079361282e-11 -4.0746992441644108e-15
1.8066420111332165e-12 -2.1158235706371544e-13
0 0
2.3373670190957056e-13 1.8039095333171636e-12
1.7651865557621453e-11 -1.111265632986074e-15
-1.800905393360694e-12 2.5585584686786972e-13
0 0
-2.7793646087674186e-13 -1.7976300436762348e-12
1.8752637087035805e-11 -5.0675055817711964e-16
1.7940839775194009e-12 -2.9997521867693635e-13
0 0
3.2196880131259367e-13 1.7902677289147123e-12
8.1143833985900145e-13 -3.3400946971891941e-15
-1.7861818725751716e-12 3.4391389663106737e-13
0 0
-3.6580719978172361e-13 -1.7818270238157138e-12
-3.9227769762995082e-11 1.0345459944458877e-15
1.7772038384605444e-12 -3.8764541371363738e-13
0 0
4.0942524967211749e-13 1.7723130127443728e-12
-5.7516195007086294e-13 -3.053612661514171e-16
-1.7671552832075611e-12 4.3114342769398163e-13
0 0
-4.52796677101505e-13 -1.761731426585206e-12
7.8038607012773969e-11 -9.4612199875594359e-16
1.7560422596901652e-12 -4.7438173699497487e-13
0 0
4.9589535674376552e-13 1.7500886392900458e-12
-5.4345059534235777e-11 -1.1136406671039815e-15
-1.7438714619781815e-12 5.1733429647587731e-13
0 0
-5.3869532756584463e-13 -1.7373916640386063e-12
5.2245114402906444e-12 3.8490336229518902e-15
1.7306502213050559e-12 -5.5997523312095782e-13
0 0
5.8117080846571383e-13 1.7236481490140088e-12
2.7939365276854751e-11 -3.1469881384152422e-16
-1.7163865016517964e-12 6.022788616244291e-13
0 0
-6.2329621380193959e-13 -1.7088663727958011e-12
-3.3097184768285983e-11 2.2720428384024533e-16
1.7010888949497669e-12 -6.44219699862315e-13
0 0
6.6504616880551772e-13 1.6930552393732504e-12
2.808894584766971e-11 -4.1602351734881268e-15
-1.6847666159052303e-12 6.8577248424192988e-13
0 0
-7.0639552486468583e-13 -1.6762242727819137e-12
-5.8510151663645096e-11 -3.8808686873821159e-16
1.6674294964487537e-12 -7.269121849197231e-13
0 0
7.4731937467350482e-13 1.6583836113667164e-12
1.5791389817362174e-11 8.7841011932591598e-16
-1.6490879798128216e-12 7.6761402087831743e-13
0 0
-7.8779306723509199e-13 -1.6395440016749892e-12
-3.4364202683005068e-11 1.0860011070399041e-15
1.6297531142412212e-12 -8.0785347485367135e-13
0 0
8.2779222271045668e-13 1.6197167919831518e-12
256.00000000000603 8.3377749149349256e-14
-1.6094365463339962e-12 8.4760630810336071e-13
0 0
-8.6729274710400544e-13 -1.5989139254609356e-12
1.297395952938286e-11 -6.0219765739474836e-15
1.5881505140319681e-12 -8.8684857500708969e-13
0 0
9.062708467768635e-13 1.5771479329772644e-12
-4.4079348341235606e-11 -8.6793118952166834e-16
-1.5659078392450596e-12 9.2555663749063931e-13
0 0
-9.447030427792734e-13 -1.5544319255521269e-12
-7.897145102512913e-12 -5.6198919898314689e-16
1.5427219201288558e-12 -9.6370717926455583e-13
0 0
9.8256618499343448e-13 1.5307795864589906e-12
6.0103044760093542e-11 3.5744325407037818e-15
-1.5186067230140545e-12 1.0012772198690158e-12
0 0
-1.0198374660782716e-12 -1.5062051629825071e-12
2.4816558358338355e-11 1.3123926220139157e-16
1.4935767739936725e-12 -1.0382441285163932e-12
0 0
1.0564944352077222e-12 1.4807234578364815e-12
5.2406380624737942e-11 4.4418193029662955e-16
-1.4676471501730692e-12 1.0745856377232011e-12
0 0
-1.0925150115942752e-12 -1.4543498202472715e-12
-6.0708962726315137e-11 6.7105536778171953e-16
1.4408334705880632e-12 -1.1102798567231902e-12
0 0
1.1278774977896121e-12 1.4271001367079866e-12
5.6844993661857511e-11 3.2110826465542733e-15
-1.4131518867966087e-12 1.1453052846535265e-12
0 0
-1.1625605927543358e-12 -1.3989908214090605e-12
6.4447099516534349e-11 -4.4303369152251155e-16
1.3846190731497007e-12 -1.1796408235061103e-12
0 0
1.196543404688925e-12 1.3700388063509538e-12
-3.9921834814457219e-11 -6.6875105201586884e-16
-1.3552522167473691e-12 1.2132657908362259e-12
0 0
-1.2298054636181693e-12 -1.3402615311449518e-12
-3.7671669554032696e-12 -7.9780050126115072e-16
1.3250690070858135e-12 -1.2461599322208715e-12
0 0
1.262326733721518e-12 1.3096769325081948e-12
-1.765808523216005e-12 1.1856891694062913e-15
-1.2940876254019109e-12 1.2783034334592684e-12
